5 260.60233 431.42072 292.55734 460.71143 
5 420.29236 381.12766 444.81323 406.93088 
5 198.94978 353.833 220.56209 377.35242 
5 405.1125 361.98526 421.35315 374.88583 
5 261.45392 268.499 268.94482 275.80753 
5 396.63702 339.22766 421.37653 365.0871 
5 294.91852 406.22156 308.59247 425.35614 
6 339.7737 724.33923 360.67752 779.1089 
6 373.10727 682.169 396.59305 725.34503 
6 359.13226 476.98422 369.6997 507.17746 
6 306.395 476.9936 318.24716 505.0285 
6 387.10193 607.97217 402.6988 644.1179 
6 337.44742 399.52728 344.54282 418.00635 
6 348.04883 428.57605 357.70306 452.70496 
6 314.4627 422.57126 324.2605 444.14352 
6 337.42807 486.7436 347.0018 509.2481 
6 328.08734 386.25928 335.72302 401.5912 
6 330.21686 328.80707 335.59125 340.81702 
6 342.3991 421.25815 349.3512 442.0192 
6 52.274418 718.7797 77.4336 786.4161 
6 515.63196 514.54114 524.71716 532.69116 
6 513.9095 515.97723 529.11847 547.71625 
6 369.9559 489.983 378.37192 508.51035 
6 381.988 486.98724 389.19925 507.0937 
6 481.0618 469.9253 489.47256 492.20117 
6 344.08755 768.76654 356.29935 782.91595 
6 308.0438 476.0912 317.01474 494.0387 
6 491.04953 468.7649 497.81497 489.40845 
6 302.30963 422.12366 310.65387 441.09045 
6 342.8738 419.85153 348.8231 433.55057 
6 312.56702 305.30893 316.28912 313.49692 
6 517.2151 520.8626 525.9999 547.46674 
6 319.37747 341.3173 324.96378 351.6622 
6 56.520813 732.4468 76.788895 772.4491 
6 348.01013 427.09433 355.25403 445.28812 
