3 79.09622 64.07355 92.46091 95.27435 
3 148.45432 102.96519 160.02228 137.13185 
3 190.56564 336.483 200.41013 363.35355 
3 430.20822 59.17737 440.77823 86.21144 
3 415.38385 53.762573 427.8838 86.717896 
3 524.17596 180.42267 533.96185 209.17047 
3 376.9027 60.233047 386.86694 87.88565 
3 322.65695 333.97568 331.88364 359.72903 
3 70.20935 534.56274 79.39433 555.95984 
3 271.10117 187.05136 279.87936 210.88522 
3 189.86412 307.77115 200.47157 328.86197 
3 52.839317 66.455894 64.96825 95.04504 
3 343.1743 184.71785 354.67282 211.56523 
3 358.0929 704.2981 367.56512 726.7129 
3 78.156555 192.91943 88.47229 216.9273 
3 542.10535 615.93134 551.2263 636.5629 
3 160.52188 59.597023 173.93307 93.63332 
3 267.09482 406.48468 275.5212 428.07916 
3 336.95093 621.3647 345.78882 644.1375 
3 535.1865 216.97255 546.2329 244.0273 
3 237.9528 336.95703 246.48476 362.25574 
3 550.0728 295.08505 559.3558 320.78903 
3 346.77414 333.71564 355.31418 360.47552 
3 215.01384 438.3691 223.44734 460.82388 
3 91.879944 534.6803 100.02699 555.5669 
3 141.7687 708.2245 151.0665 730.3097 
3 464.17508 616.32855 472.5544 636.5982 
3 455.11368 49.91009 468.38962 86.980515 
3 246.536 188.19942 256.7686 213.79735 
3 80.80762 506.0724 89.12349 525.5637 
3 316.33594 592.9919 324.51917 614.1357 
3 503.85547 616.70746 512.4197 637.29535 
3 247.16318 593.62933 255.58817 614.47345 
3 403.24243 96.37328 415.36707 130.53389 
3 239.03915 623.3867 247.6459 644.7096 
3 561.217 294.44165 571.37286 320.87518 
3 539.9814 525.09686 548.9892 548.1174 
3 562.9349 54.48154 575.0527 84.20243 
3 393.967 299.16138 403.23135 323.53564 
3 548.3404 216.47502 557.19293 242.38765 
3 320.64688 97.968765 333.7258 130.9749 
3 351.22412 497.98547 359.98358 519.645 
3 495.73972 53.889168 508.16653 87.24943 
3 404.48245 219.93874 413.8795 247.2371 
3 342.78314 220.08914 355.66956 250.82776 
3 402.87506 432.9914 410.9831 457.23566 
3 426.8819 674.4563 434.6568 694.26794 
3 369.92682 299.1633 379.2323 324.30984 
3 267.85635 622.1011 275.56082 641.77747 
3 81.336815 625.3064 90.64916 646.2085 
3 178.84834 336.60666 188.04039 360.72684 
3 269.24332 101.309074 279.0377 133.11041 
3 393.8629 497.1823 402.54218 519.9758 
3 267.69357 592.61523 275.84854 613.78955 
3 164.09717 226.1575 173.58185 254.05908 
3 82.01434 535.70044 90.98164 556.13855 
3 193.59248 408.13663 201.39143 429.54062 
3 282.8929 100.18236 293.62595 132.58261 
3 434.9489 496.8208 443.99896 519.9826 
3 241.70273 59.477974 252.81049 91.617 
3 366.44156 619.5576 373.52927 639.2567 
3 230.15941 707.7402 238.84312 728.71783 
3 319.04703 706.1625 327.26895 726.09424 
3 104.92064 339.2421 114.71788 364.22238 
3 488.97543 293.7738 499.62155 322.245 
3 522.6467 49.67599 534.96313 85.792816 
3 391.61664 98.13992 401.42694 126.60091 
3 239.89476 678.9224 248.06358 697.48566 
3 487.80865 184.41798 497.1645 209.50056 
3 437.80252 181.49794 448.4523 209.54503 
3 282.85098 186.48993 291.6979 211.55103 
3 123.15126 711.0674 130.9985 730.50916 
3 248.76819 622.9838 256.98618 643.68915 
3 162.83289 101.66492 172.83722 132.93414 
3 500.96515 217.20456 511.19922 245.84805 
3 68.64818 412.3189 77.29648 432.31287 
3 119.76535 68.29882 131.05914 94.06997 
3 100.20059 410.62885 108.03601 431.63824 
3 59.750973 340.58618 68.52404 361.3098 
3 319.039 183.82938 328.8329 210.98273 
3 140.04135 596.53845 148.15424 617.3231 
3 527.7921 295.41388 536.6821 319.71344 
3 359.56934 403.3888 368.4088 425.23016 
3 120.891945 104.18448 132.53816 135.9691 
3 151.65201 187.92206 160.26352 215.78152 
3 121.482124 439.87762 130.72668 462.3 
3 319.1825 435.6181 327.92023 458.49554 
3 150.40514 226.34544 160.67241 254.66972 
3 132.8259 710.6276 140.27231 731.555 
3 151.70284 438.52707 160.52269 460.3206 
3 475.37134 669.71924 484.17877 694.3091 
3 515.94037 399.535 524.3094 422.2463 
3 237.33531 532.4679 246.49364 554.09875 
3 220.06851 679.5904 229.89871 700.1473 
3 214.85306 61.677567 226.18042 91.33298 
3 65.78307 229.08063 74.437706 248.84818 
3 262.93918 335.43134 272.37473 360.7303 
3 348.8621 400.88818 357.8281 425.34564 
3 413.01767 432.11404 422.1259 455.152 
3 214.2189 302.5114 222.57227 327.32617 
3 347.53442 52.91027 361.47955 88.69338 
3 416.26804 674.0083 424.36557 695.7854 
3 526.1187 330.21783 534.37335 354.7306 
3 257.12164 593.4151 264.9638 613.59894 
3 562.6824 615.1203 571.25146 635.1507 
3 257.79535 437.48883 265.5902 459.06512 
3 331.39563 192.62161 339.8932 211.31958 
3 57.660397 441.1793 67.525536 463.2308 
3 298.87762 677.96967 306.83575 698.51056 
3 70.59982 600.94824 78.053055 619.5929 
3 383.4394 499.6051 391.8755 520.40643 
3 180.52724 681.57623 188.75688 701.6409 
3 277.21396 405.1838 285.70108 427.9954 
3 83.535484 710.71765 91.960594 729.59033 
3 372.78937 497.78006 381.1985 520.26514 
3 250.57196 678.35046 258.36707 699.23376 
3 584.0704 294.05624 594.19403 318.38425 
3 571.14685 180.33614 581.942 208.15303 
3 113.803894 535.4111 122.27319 558.49786 
3 202.05862 102.03594 213.29315 133.74301 
3 81.40424 339.7882 91.89797 362.7912 
3 396.87656 675.21893 405.27402 695.9526 
3 219.25829 623.4451 227.83986 644.5778 
3 100.57534 439.29794 108.9103 462.35696 
3 141.15031 227.28049 149.68422 253.49219 
3 365.63782 591.19867 373.39288 613.1097 
3 457.45163 95.994675 467.55173 124.55534 
3 46.238678 340.79465 55.786865 364.61447 
3 211.0077 188.13016 219.00719 213.35718 
3 522.6305 588.50476 530.01575 606.9568 
3 518.6788 496.05634 526.6353 516.6344 
3 474.45105 616.4094 482.85583 637.0438 
3 329.51627 436.0901 338.31027 458.46594 
3 559.10364 430.70178 567.4751 452.1269 
3 550.80554 525.74976 559.4834 549.0492 
3 367.09897 220.839 377.5388 249.4806 
3 175.9247 225.02608 187.59099 254.13115 
3 290.93777 530.9872 299.0159 552.56775 
3 576.282 48.28035 589.8696 82.209015 
3 130.83926 597.0484 139.26047 618.46735 
3 317.6884 405.063 325.52377 426.42767 
3 389.97723 184.33795 399.42236 211.61615 
3 467.5424 496.20126 476.03024 517.1504 
3 456.77017 525.7397 466.59824 550.238 
3 407.5986 703.57367 414.99893 723.4583 
3 159.5356 597.4379 167.87553 616.2437 
3 210.84784 708.9788 217.95471 728.40717 
3 388.83145 58.02332 398.96823 86.63612 
3 258.31567 534.7608 265.94025 554.2177 
3 444.27414 400.40976 453.26364 425.23514 
3 561.3598 588.75305 568.8586 605.604 
3 152.40881 501.90775 161.45456 524.8813 
3 174.68893 500.324 182.83902 524.7551 
3 500.24698 180.99475 509.07156 208.42429 
3 551.8433 587.03796 560.2502 606.84644 
3 222.70396 188.63219 231.68626 214.04024 
3 335.27994 333.91016 344.83798 360.81818 
3 430.50687 333.12662 439.80368 357.15738 
3 307.62796 405.10944 315.92075 426.5708 
3 149.61801 595.55273 157.02515 616.6102 
3 446.43832 701.7588 453.93173 722.0676 
3 259.03348 502.01636 266.59476 522.99963 
3 309.98804 498.94113 317.28583 520.4572 
3 111.48756 624.6067 120.10717 645.37256 
3 259.81458 677.92145 267.47253 698.1822 
3 559.9953 493.16187 568.04205 513.2155 
3 581.8457 493.77057 590.63 516.498 
3 498.83496 527.52466 506.7829 548.261 
3 269.9364 706.6047 277.71448 725.9329 
3 361.97556 56.192383 374.91818 89.265305 
3 463.5186 588.4718 471.7822 608.35547 
3 237.45706 594.1054 245.89053 614.26605 
3 68.1017 440.40765 76.84886 459.95453 
3 486.0618 673.03674 493.25955 693.35645 
3 110.90213 439.25604 119.19121 460.98712 
3 102.836876 711.07043 110.590614 730.34973 
3 565.1996 99.60928 575.7269 122.65546 
3 495.90027 433.5149 504.25128 454.80762 
3 387.80563 704.4259 396.25546 723.99243 
3 289.7667 707.7223 297.3503 726.22375 
3 80.63551 104.51598 91.95189 131.74493 
3 131.94955 439.69125 139.78217 462.25003 
3 533.4205 615.3273 541.29047 635.24744 
3 127.12687 192.74316 135.95186 217.03699 
3 297.1998 300.05466 305.53036 323.51132 
3 106.33228 64.73203 115.57867 92.21754 
3 184.20134 500.77335 192.39827 523.30927 
3 183.27577 437.18234 191.63582 459.52182 
3 442.11203 296.5894 451.10153 321.86777 
3 278.858 678.4105 287.07913 697.6858 
3 111.87856 710.8858 120.27366 731.576 
3 249.09895 302.16534 258.29617 325.03937 
3 391.92203 402.68652 400.18118 424.82208 
3 518.759 525.7513 528.83136 548.92487 
3 476.6621 431.57047 484.60223 454.25833 
3 455.0488 616.57446 462.76108 635.8417 
3 524.2523 217.02162 532.6185 242.84612 
3 203.04079 302.57544 210.91869 327.43335 
3 571.6436 585.28326 579.8769 606.3378 
3 340.28137 435.03568 347.765 455.0256 
3 430.46048 298.8163 438.58133 321.3903 
3 91.208305 505.15466 99.163826 525.88477 
3 199.3654 595.3023 207.13261 616.6346 
3 570.2979 493.977 578.711 514.65356 
3 101.161804 502.37875 109.17735 526.3586 
3 436.5877 675.5239 445.28424 694.8301 
3 81.13113 599.13934 89.38169 618.41644 
3 468.2623 526.0939 477.31564 551.7742 
3 268.78317 499.01672 277.24838 521.70825 
3 287.59555 593.18774 295.17502 612.8301 
3 218.98685 594.2082 226.65668 614.48846 
3 101.60185 190.19647 111.03694 216.03812 
3 446.9116 526.8963 455.04343 549.21783 
3 297.25644 593.4436 304.63913 612.12427 
3 394.9306 333.05676 403.00604 356.98468 
3 287.79425 621.90045 295.599 642.5992 
3 255.81612 406.0058 264.622 428.8623 
3 140.46269 189.58325 148.38295 215.54352 
3 229.61913 623.64636 236.56209 642.56067 
3 142.05495 503.04135 149.81816 525.9396 
3 159.9208 623.8648 167.95642 644.3376 
3 94.1849 338.39276 102.648384 360.84857 
3 486.94235 399.3678 495.69547 422.98145 
3 67.88105 105.31257 76.92408 132.92807 
3 467.42227 430.4223 475.62546 453.64697 
3 208.7305 594.4272 216.78598 615.4699 
3 198.85376 187.07033 208.75647 213.86107 
3 454.27243 332.77875 462.93387 356.54315 
3 179.28383 594.6505 187.82585 615.5781 
3 557.89606 181.16664 568.5689 207.50487 
3 227.78711 101.9415 239.53955 130.29243 
3 228.57475 60.739906 240.13857 91.529976 
3 532.1837 587.4108 540.0408 606.60394 
3 183.16289 406.35522 191.65135 429.3247 
3 123.446045 502.5712 132.71265 526.53845 
3 476.22748 701.616 484.9613 723.3284 
3 235.3687 403.13513 244.43593 428.8424 
3 503.03693 588.3718 510.9876 607.89355 
3 495.03772 617.26666 502.59174 636.36346 
3 268.2436 530.73865 277.6836 554.47766 
3 567.6275 398.66995 576.51373 421.3741 
3 300.1127 499.23782 307.97415 521.14166 
3 483.21884 588.7279 491.97806 609.59607 
3 438.92917 218.5984 449.65366 246.00545 
3 107.042206 104.02446 118.92604 134.0499 
3 131.60747 681.56024 139.94572 701.11005 
3 455.272 401.1626 464.6168 423.5681 
3 269.33286 677.75397 277.0623 698.46747 
3 38.16719 106.41625 49.086517 133.34 
3 62.989136 685.2439 70.765625 701.562 
3 513.75665 219.3995 522.71173 246.95413 
3 339.0101 403.50137 347.84073 426.41513 
3 286.44363 334.88055 294.03146 359.07965 
3 142.67032 680.7507 150.11722 700.91583 
3 307.16287 622.0796 314.61264 642.4972 
3 117.15752 305.58868 125.36281 329.8064 
3 274.69772 335.04236 283.8868 361.03748 
3 170.95326 679.23615 178.50075 700.8851 
3 402.6028 403.96375 410.49936 424.26 
3 61.137573 601.98755 68.749405 618.5194 
3 140.88913 439.19025 149.06857 462.47894 
3 177.31593 305.46927 186.96642 327.42545 
3 376.66086 96.47274 389.04086 128.18013 
3 580.74115 429.63754 588.8256 452.5262 
3 436.2886 527.75256 443.70517 547.87476 
3 287.60504 405.5962 295.81635 427.71088 
3 236.30748 223.71503 245.33293 249.90726 
3 433.93695 432.1103 442.3756 455.17084 
3 417.25092 95.651115 429.52686 131.97458 
3 105.902695 305.3338 114.6906 330.66852 
3 283.23242 225.35449 292.30762 249.28046 
3 100.04869 598.5717 108.0043 619.1263 
3 342.49802 529.78516 350.8906 554.4595 
3 425.29242 617.8913 433.0058 638.0428 
3 114.78516 189.88834 123.90042 216.91623 
3 579.4958 398.53204 587.5662 421.2528 
3 161.2798 681.56036 169.0909 699.9311 
3 402.30725 56.825905 412.73724 86.38207 
3 209.43298 623.20575 217.47073 644.84845 
3 202.67717 337.14273 211.41481 362.65683 
3 210.15495 681.407 217.1444 700.78955 
3 424.08588 590.99524 432.15692 608.85376 
3 407.2824 675.95056 414.02704 694.87085 
3 417.3294 703.0698 425.98267 723.4131 
3 319.79916 497.79446 327.70248 519.5515 
3 512.204 181.93837 522.0665 208.98412 
3 214.03793 407.99762 221.23819 429.09198 
3 433.62213 401.18756 441.5993 423.25568 
3 148.54042 62.55216 159.31606 94.83858 
3 386.35052 619.651 393.86407 639.4447 
3 358.76227 302.03384 368.21094 324.96664 
3 204.07819 410.00247 212.69516 430.454 
3 552.935 616.027 560.6938 636.2091 
3 335.73447 591.6298 344.47 613.4338 
3 419.43036 331.85065 427.19153 355.34723 
3 484.4939 617.12134 492.0658 636.3513 
3 523.3633 615.1623 531.12524 636.0795 
3 217.76483 105.92215 225.87247 128.38158 
3 561.05206 523.66223 570.1921 548.17505 
3 279.55487 499.3424 287.79364 521.4019 
3 356.15555 591.85803 364.07687 611.9164 
3 322.95508 302.71454 332.52405 325.41852 
3 475.78165 398.8587 484.2465 421.33496 
3 356.25464 619.1116 364.53546 638.25024 
3 506.80444 431.69333 514.3471 454.11844 
3 51.468227 627.3727 60.22237 648.2217 
3 298.1369 334.3386 307.2365 359.06985 
3 186.75917 189.01265 195.4009 213.04362 
3 488.4698 495.1873 496.38885 516.6582 
3 64.29131 711.9717 72.12905 730.04565 
3 163.44962 501.39548 172.04202 523.88934 
3 568.70044 429.95737 577.4728 451.53146 
3 376.43863 619.40607 383.9918 639.12384 
3 93.895226 64.75504 104.04478 92.53211 
3 423.78052 431.39536 432.55096 455.58133 
3 151.45772 680.10333 159.89803 700.2767 
3 200.63004 679.78827 208.49405 700.62225 
3 486.46924 432.31577 495.08954 453.6345 
3 174.728 534.5326 183.78568 557.5183 
3 193.6058 437.673 203.38974 461.5425 
3 173.4484 438.03522 181.3891 460.65747 
3 150.93726 407.3393 159.99954 430.40936 
3 347.70117 677.21674 355.2094 696.018 
3 164.07025 188.75436 172.60687 215.94025 
3 413.01498 402.60123 421.91928 424.3309 
3 169.61911 597.24677 176.88065 616.7447 
3 466.0969 702.04724 474.88962 725.55774 
3 90.59268 226.85942 101.08046 253.01637 
3 225.45097 438.60312 233.72948 460.00754 
3 278.0463 595.012 285.12686 613.60504 
3 336.15866 59.836475 345.46695 88.80815 
3 455.90106 432.32877 464.0312 454.44254 
3 547.797 400.09637 557.0957 422.11633 
3 542.18756 586.98926 549.25287 606.03064 
3 374.80145 591.74963 382.91663 611.57007 
3 594.7451 493.38293 608.3096 541.52563 
3 334.58313 301.37003 344.85632 326.527 
3 112.64115 502.79974 120.775215 524.2941 
3 332.02542 528.4426 339.47696 552.6615 
3 381.9717 433.59027 391.82077 459.04083 
3 537.52606 292.37228 547.47394 320.4163 
3 120.15292 407.0428 128.83041 430.63977 
3 131.9316 339.6952 139.89595 364.95203 
3 131.97365 407.96518 140.10445 430.66965 
3 258.4862 622.37823 265.94342 642.51996 
3 235.30965 437.67322 243.50847 460.0163 
3 350.46906 98.1848 359.1607 125.98996 
3 537.90344 401.75763 545.5132 420.6303 
3 194.90942 500.49786 203.17822 524.0549 
3 456.40363 676.0584 464.00317 695.01324 
3 415.25058 497.92538 423.69254 520.0722 
3 473.15488 588.2441 480.56735 607.6971 
3 70.16746 339.27664 77.42658 360.3019 
3 248.57889 499.63745 256.55103 522.9953 
3 317.27167 620.881 324.8244 642.4133 
3 91.99616 684.3054 100.20614 702.97656 
3 110.38253 597.2536 118.11187 617.68 
3 550.2326 493.184 557.9455 515.8684 
3 60.086296 507.43884 68.160576 527.79553 
3 227.0065 500.8246 234.65555 522.77936 
3 164.9234 533.45935 173.97415 558.11743 
3 91.567825 440.6772 98.7962 461.27545 
3 273.24973 301.7366 282.85074 327.06192 
3 71.48621 625.11816 79.55181 644.77893 
3 466.2357 674.2087 473.31265 693.74115 
3 451.62082 182.6457 461.88278 209.01744 
3 123.442535 535.4068 131.2297 557.8011 
3 206.0802 534.38586 215.28098 557.22363 
3 415.56152 220.13972 424.65784 245.81929 
3 426.78287 527.44073 434.9363 548.83405 
3 187.86143 225.1484 196.27498 252.05658 
3 320.05573 678.39453 327.81128 697.3965 
3 443.9251 96.031555 455.27344 125.606155 
3 290.66272 500.0483 298.90027 521.9344 
3 89.16404 412.17703 96.88755 431.45578 
3 92.47074 309.7115 101.8312 332.1662 
3 364.2621 99.714874 374.78394 128.74559 
3 111.7894 681.6521 120.571396 701.2444 
3 526.6686 398.92508 535.7223 421.62015 
3 493.19498 588.10754 501.80057 608.6073 
3 367.08246 183.92632 376.24744 210.6031 
3 307.68167 705.112 316.24045 725.8029 
3 81.21591 307.88107 90.049515 330.1912 
3 227.1996 335.48178 235.6974 360.3461 
3 248.36313 533.0687 256.72842 555.27075 
3 528.85944 494.35718 536.9726 516.8284 
3 72.0095 685.7872 79.697716 701.93805 
3 547.7622 430.5588 555.38965 453.36166 
3 308.59314 435.95642 317.3706 458.13165 
3 172.7326 407.11115 179.87668 428.3172 
3 398.90646 704.08307 406.99533 724.85126 
3 297.795 406.063 305.2313 426.77283 
3 404.7012 590.54065 412.79385 610.23096 
3 110.45935 409.54294 117.54567 430.381 
3 427.7427 221.35867 435.5222 245.83139 
3 103.21855 226.55473 114.06122 254.03639 
3 241.55876 706.86066 249.83653 727.8549 
3 91.01369 600.3869 97.783966 618.9649 
3 497.78915 493.94 505.92526 517.5742 
3 371.07916 334.648 379.6679 357.92358 
3 446.14233 495.05728 454.55774 519.04047 
3 377.9223 675.5468 386.98053 696.863 
3 455.23157 591.33856 462.74402 609.59515 
3 267.31885 436.58298 275.0619 459.34518 
3 496.36926 700.0134 506.1883 723.08215 
3 407.11652 332.45877 415.8777 355.743 
3 190.65117 709.032 199.07744 728.744 
3 162.48033 708.4184 171.16017 728.26276 
3 495.32547 671.87756 502.55038 692.2666 
3 516.3507 430.73575 524.1216 453.5524 
3 100.30516 626.0049 107.88805 646.11084 
3 361.05643 435.3417 370.33774 459.42294 
3 513.59265 588.4471 520.9757 606.59796 
3 129.90994 303.28766 140.22025 330.3822 
3 331.647 222.0064 340.8834 248.15382 
3 456.84433 703.2168 464.20456 723.1492 
3 352.33932 528.5066 361.60196 552.5936 
3 348.77386 704.7778 356.53815 724.9288 
3 331.2303 497.68073 339.70752 521.2996 
3 47.173576 440.7773 55.983185 465.63773 
3 382.15857 298.8115 390.7646 321.77982 
3 415.79855 182.86543 425.11093 208.5738 
3 435.21738 590.7276 442.96335 609.79193 
3 189.90393 595.9977 197.11151 615.562 
3 329.31317 679.6227 336.62036 697.39014 
3 255.39201 60.808132 266.82523 91.92178 
3 329.11758 704.3797 336.17697 724.1629 
3 403.34253 186.72784 410.5285 207.31482 
3 454.1947 296.91882 462.85272 321.28247 
3 379.62857 187.10419 387.3649 210.19473 
3 228.09856 596.51697 234.84435 614.35815 
3 483.11557 55.440147 493.11118 86.343285 
3 246.12622 407.48993 253.76843 429.1266 
3 383.92673 333.4549 392.74008 356.32526 
3 281.04886 708.22406 288.04257 726.8991 
3 396.20322 591.2969 403.2689 609.08215 
3 507.9248 494.2395 515.2315 515.88007 
3 478.18372 526.7828 486.8651 549.1551 
3 154.26859 303.05066 163.35788 329.1985 
3 214.76414 336.70044 223.5414 362.63196 
3 363.02365 529.00836 370.9833 550.3389 
3 185.38478 532.6852 193.97365 553.93555 
3 300.92563 530.4695 310.44565 553.87683 
3 456.78418 496.01474 464.8108 516.9824 
3 166.75616 338.57596 174.89081 363.65677 
3 451.9019 218.43387 463.05478 247.26007 
3 250.76793 707.26306 257.96344 728.2562 
3 161.47043 440.38278 170.00189 464.626 
3 190.88112 679.5732 198.6757 700.8487 
3 170.26492 623.31494 177.94504 643.08813 
3 338.7755 705.1805 346.4972 724.4228 
3 43.930923 312.3111 51.218933 329.49176 
3 308.57364 62.061188 318.88876 89.802216 
3 224.55666 301.40518 233.55363 326.3586 
3 143.91731 534.74316 151.97035 554.60144 
3 444.63702 590.1635 452.58734 610.0445 
3 61.966213 535.3651 69.487175 556.31006 
3 496.36255 399.67444 504.53137 423.07745 
3 182.51553 709.8932 189.68735 729.1575 
3 515.5454 329.4135 524.183 355.7492 
3 371.3221 402.85684 379.4788 424.61752 
3 362.54648 496.96686 370.61673 520.4616 
3 142.98486 338.83023 152.72775 364.26743 
3 91.46423 625.2698 98.371704 643.91003 
3 299.93753 433.6399 307.87515 458.15332 
3 405.33932 619.2756 412.29007 638.44183 
3 120.6128 597.9304 128.34975 617.254 
3 462.8402 183.28595 471.97833 208.86136 
3 298.70038 620.0229 305.77582 639.6783 
3 133.56938 534.4428 142.85002 554.64825 
3 122.17705 681.53174 130.36714 702.2302 
3 83.471886 683.5766 91.338524 700.79156 
3 526.874 431.12128 534.9132 452.56073 
3 347.11627 620.5723 354.57263 640.0533 
3 256.68298 100.78869 265.91876 129.14954 
3 466.07343 330.8184 474.8352 355.7158 
3 443.4071 333.7292 450.91504 355.37842 
3 295.89975 59.141483 305.3041 91.05582 
3 51.393658 601.4645 58.00385 618.9192 
3 73.25133 711.4161 80.598114 729.25165 
3 288.92926 680.3038 296.11426 698.47626 
3 189.62883 623.7431 196.54109 644.0766 
3 423.78143 402.5203 430.9026 424.20682 
3 205.3808 502.7894 212.57108 524.1883 
3 431.52872 96.48021 440.56198 125.26538 
3 469.81552 57.120483 479.60373 86.66841 
3 442.5996 57.07041 450.57013 83.41636 
3 508.0611 525.2285 516.4334 544.29517 
3 271.97543 224.58195 281.30594 250.74226 
3 38.61496 55.79921 48.732964 93.201965 
3 515.0154 297.21997 523.8314 321.33234 
3 54.73838 199.25743 64.28412 219.67625 
3 115.217545 225.56157 126.31305 254.30998 
3 406.11465 297.8028 414.62564 321.735 
3 201.42084 708.61884 208.7543 728.7337 
3 446.82016 675.1313 454.2629 694.435 
3 321.59653 530.00653 329.41647 553.6286 
3 121.44008 626.02496 128.94376 644.747 
3 308.30774 301.22208 317.97235 325.33328 
3 465.41284 297.43103 473.08203 318.46204 
3 514.6497 615.27814 522.58636 635.94293 
3 40.76381 195.66107 48.875015 216.5057 
3 62.594883 625.7106 70.02293 643.95667 
3 327.1723 620.8326 334.75153 641.8831 
3 414.98196 590.3983 422.57217 609.48425 
3 278.12296 621.0736 285.61026 643.42163 
3 372.49005 527.7578 381.35822 550.3928 
3 371.1524 433.305 379.94788 459.03363 
3 573.60394 614.37616 581.6833 634.9079 
3 503.00854 294.6467 512.1114 319.81393 
3 295.60468 223.08823 305.1682 250.20355 
3 475.01636 184.21277 484.51605 208.62631 
3 426.56195 701.7511 434.43854 723.104 
3 418.61804 297.5874 428.23053 323.44116 
3 306.67615 190.08568 315.9643 212.3347 
3 59.454594 310.6746 68.125694 330.4753 
3 131.60844 625.08606 139.4629 646.13806 
3 351.16968 433.85425 358.90778 454.7575 
3 294.15738 184.21912 302.25418 211.52905 
3 587.1389 327.51984 595.72144 352.19794 
3 294.8972 99.90653 304.57846 127.96014 
3 249.61366 335.7127 258.36673 361.54474 
3 135.30533 62.297035 144.91177 90.290184 
3 605.3968 94.427635 613.84296 118.947914 
3 200.71474 624.2277 207.41603 643.18195 
3 66.492065 194.22296 75.046906 218.68323 
3 382.3189 403.48328 389.1454 425.0761 
3 150.07428 624.6143 157.24063 643.9283 
3 52.506973 689.50745 60.252968 704.66345 
3 322.29553 57.677376 332.20038 87.57632 
3 574.9906 328.99942 582.5281 353.51266 
3 478.45953 295.4707 486.4619 318.9812 
3 336.0695 97.18311 344.66342 129.01633 
3 259.02136 186.93806 267.14374 212.31917 
3 384.6341 592.0076 392.07416 611.56085 
3 445.8553 615.3133 453.25964 636.2913 
3 488.95502 526.60376 497.1787 549.1625 
3 572.88464 522.22595 580.57263 546.12866 
3 594.96124 189.18135 612.3433 229.87422 
3 203.04095 60.77882 212.7681 87.78929 
3 377.10013 704.92426 385.22385 725.4318 
3 404.3199 526.2778 413.99658 550.23676 
3 57.00541 230.37308 65.05123 250.96304 
3 342.02588 502.98383 349.0296 521.1248 
3 238.22379 499.59372 247.08633 524.52344 
3 470.65707 97.86557 480.11777 125.24245 
3 198.742 222.76721 209.50616 252.28949 
3 478.08917 494.1681 485.63416 515.57056 
3 180.47066 622.8661 188.01826 644.5171 
3 140.81519 623.6732 148.78479 644.7019 
3 154.50136 532.7838 163.20628 556.7693 
3 503.73206 329.80652 512.75745 356.4975 
3 156.15381 338.10645 163.61633 362.17365 
3 307.36646 224.12509 316.01782 249.4036 
3 39.866966 134.95811 47.76013 152.72783 
3 278.72937 436.66043 287.0537 457.44992 
3 307.21637 593.16486 314.51202 612.92816 
3 40.313793 158.88164 47.93839 177.30998 
3 558.98956 217.5602 567.6191 246.30983 
3 40.437984 178.18246 47.829197 193.6943 
3 42.785564 289.85135 50.99081 309.25803 
3 129.39432 227.5945 137.788 255.8098 
3 310.53207 676.6471 318.0131 696.4258 
3 476.72784 331.69815 484.41083 355.1174 
3 540.518 329.01495 548.6667 353.02893 
3 563.84326 328.8762 572.6157 351.78134 
3 538.4238 430.792 545.6111 451.15594 
3 42.185616 246.37346 50.66488 263.2605 
3 243.95761 102.032974 252.49112 130.68915 
3 223.5671 223.80315 231.33327 251.35417 
3 359.79944 334.3736 368.37036 358.63055 
3 142.47456 302.98257 152.09547 328.54196 
3 27.218035 161.22098 34.63346 176.09695 
3 549.5417 329.929 557.4843 354.7396 
3 490.5948 217.25969 500.32495 246.30058 
3 311.23004 530.42786 319.2965 554.084 
3 40.512352 74.25028 48.16754 93.7573 
3 358.201 677.8842 364.86182 696.1757 
3 24.51317 107.07491 33.106434 127.176445 
3 309.18976 103.89459 316.26038 125.58009 
3 283.29355 65.90568 292.27585 92.66387 
3 502.3988 672.2621 509.37732 694.8761 
3 293.1542 221.89444 315.76132 250.47562 
