5 229.54347 129.5566 265.29208 146.83772 
5 329.28894 532.44775 347.55878 540.8059 
5 633.68835 523.1845 650.93066 530.76385 
5 244.04889 617.4887 284.3551 634.17633 
5 16.077126 570.3076 33.609413 578.46875 
5 301.74747 524.43207 318.2067 531.94855 
5 217.39386 661.39966 238.62854 672.17896 
5 190.14565 557.57745 204.0399 565.9838 
5 6.048606 556.5608 22.264767 564.67786 
5 355.87503 455.3936 364.36197 468.9205 
5 350.10336 436.1663 357.61612 448.829 
5 230.3227 556.50305 251.83923 565.6566 
5 258.60925 592.99054 268.15033 614.9694 
5 204.21625 560.08514 219.04105 568.3913 
5 217.53369 672.34204 234.01096 680.291 
5 779.93896 4.7472925 788.5602 18.65483 
5 368.23123 320.4221 385.48557 327.79086 
5 269.2552 585.4195 281.38513 613.9526 
5 338.91885 657.60504 362.7429 668.95074 
5 476.6056 311.5876 492.12048 319.3708 
5 351.0129 422.08054 358.87643 434.63406 
5 194.21935 694.70184 212.71516 704.4274 
5 626.63745 624.8154 636.8987 641.70435 
5 352.60114 639.8014 365.362 659.364 
5 257.57727 646.2111 281.9781 657.8797 
5 472.7705 465.04007 488.57812 472.6705 
