5 330.04965 440.82117 346.61105 455.39832 
5 284.4076 772.6921 303.78772 785.5855 
5 689.11584 353.47217 704.9579 365.84033 
5 579.7176 596.8281 593.9039 611.20544 
5 726.5953 387.43835 741.4357 404.33624 
5 188.22614 82.0367 198.91418 98.254486 
5 334.31055 752.01843 350.5984 762.0851 
5 585.28076 707.02686 600.8363 716.7389 
5 35.612514 436.07938 44.443096 452.57486 
5 3.5715961 411.25812 11.945286 427.25476 
5 421.4774 629.1631 432.21994 645.33167 
5 356.72513 317.32465 366.60538 334.30402 
5 544.11646 778.89874 555.6249 793.5726 
5 602.4047 691.22656 619.82 700.8467 
5 531.96344 271.6251 543.4384 284.66257 
5 123.4995 350.2015 133.54262 368.24722 
5 126.542145 445.22888 143.8075 455.20807 
5 362.82196 737.8234 379.026 749.06805 
5 314.85733 360.3515 329.54953 370.37677 
5 137.54823 490.81018 156.94359 501.91315 
5 531.23926 51.28733 544.82153 67.74969 
5 255.23781 787.78436 269.40192 798.6586 
5 320.38742 389.13068 336.647 401.258 
5 55.257053 400.23212 64.26273 415.7881 
5 72.86161 394.46057 82.463585 410.9159 
5 15.7814455 440.47076 24.729183 453.8457 
5 318.33722 380.33658 332.52277 391.44772 
5 350.96735 706.93994 367.9325 724.04614 
5 134.05276 483.06512 150.30002 493.15253 
5 654.6985 494.34555 667.1179 509.22733 
5 338.28644 662.6193 352.60614 677.9837 
5 46.07765 402.6235 55.532146 418.14316 
5 312.88538 350.4457 326.1051 362.2888 
5 423.83237 135.99492 441.42215 144.99486 
5 588.6047 726.47174 602.0738 740.3189 
5 331.2618 200.5247 340.2385 214.57744 
5 130.23926 466.25952 147.3005 475.41608 
5 372.0475 417.14853 381.8144 431.31656 
5 322.44266 660.9925 330.74228 677.3586 
5 25.313972 159.0096 35.92736 175.82784 
5 76.2911 175.36446 85.01241 190.6021 
5 367.63608 622.96576 376.44955 637.98737 
5 125.49546 94.413826 135.22038 110.36802 
5 309.6599 763.033 325.6754 774.00275 
5 36.571037 185.5908 46.529686 200.75514 
5 121.55208 387.5031 130.67906 402.28168 
5 197.25975 79.3652 209.39467 94.94369 
5 423.44604 30.54355 433.08258 45.440258 
5 335.93814 338.54834 345.98697 354.87726 
5 96.825165 424.84406 105.84595 440.17114 
5 314.29657 663.73535 322.51257 679.6753 
5 112.201515 388.02847 120.54652 403.23538 
5 699.89264 339.43915 715.539 349.03253 
5 146.38785 90.55144 156.6839 107.06464 
5 712.12646 781.7476 727.97815 796.9455 
5 560.0713 773.8483 572.81885 788.65485 
5 412.45596 516.2558 421.89426 534.1058 
5 123.20263 417.84528 133.0701 434.70886 
5 55.537395 434.78436 64.72327 449.33655 
5 417.5738 548.0374 427.30878 563.74445 
5 694.2495 346.52353 709.33777 357.84488 
5 64.25929 432.24945 72.46466 446.84418 
5 114.353676 96.26914 124.83001 111.79627 
5 298.59653 234.88657 307.57162 250.6052 
5 729.9382 294.74667 743.8066 306.62137 
5 457.87994 409.44913 468.70807 422.79465 
5 543.1992 569.0615 559.2029 581.32434 
5 622.8119 692.6248 637.96545 700.9643 
5 150.4299 511.8836 161.53818 531.0661 
5 93.84473 391.67224 102.30104 406.0869 
5 113.62556 418.99866 122.957054 435.5255 
5 38.43377 235.06569 55.08284 244.12065 
5 361.7732 565.80963 371.771 581.2341 
5 573.3443 700.31903 589.5529 711.20575 
5 523.0817 69.82875 533.7774 83.51878 
5 129.81857 380.5437 139.53256 394.52997 
5 104.0299 389.86447 112.71468 405.2325 
5 598.12866 488.5688 613.937 497.07965 
5 655.4268 273.7543 671.77826 287.42307 
5 134.04526 416.53833 143.23477 432.7834 
5 64.01936 395.09616 72.51111 410.02884 
5 49.343433 167.22691 66.87216 176.82674 
5 142.32697 415.72455 150.07059 429.87903 
5 205.75551 77.53042 218.35667 90.90121 
5 45.525063 434.5536 55.334007 449.6507 
5 410.9293 577.38684 419.30984 591.9369 
5 544.43207 764.7905 555.93463 774.2272 
5 630.6217 434.3037 645.8213 446.27155 
5 467.2014 394.11447 480.2275 408.18912 
5 182.1738 570.7617 191.69531 587.12537 
5 295.31342 215.87753 304.919 231.1211 
5 123.0387 240.631 132.42136 255.29988 
5 26.186579 439.37125 35.071053 454.1262 
5 529.51904 751.1489 544.556 760.34985 
5 545.97314 726.00726 555.8489 741.35065 
5 550.54126 558.7244 564.3141 570.962 
5 127.95771 454.89243 143.28415 463.30972 
5 590.1383 753.90283 602.0116 766.1233 
5 359.93643 23.30082 368.2136 36.778652 
5 367.28134 261.47876 381.93246 270.79834 
5 664.75555 338.68298 675.1473 354.91693 
5 436.8033 0.7329433 444.06326 8.65457 
5 104.892 423.45856 113.22308 438.89453 
5 565.3757 578.86145 577.13556 593.0404 
5 499.06116 591.95917 512.1744 601.5113 
5 698.4405 789.0431 708.9981 799.8718 
5 614.7722 722.253 626.33374 736.83795 
5 119.8893 267.67145 129.24966 282.745 
5 640.135 108.705765 651.81824 124.27528 
5 134.39497 128.35046 150.35368 136.4195 
5 213.73048 768.1563 223.34428 785.9102 
5 703.1283 283.1525 713.11365 294.44766 
5 482.9447 351.77045 492.27393 360.948 
5 368.0841 273.97134 378.45 291.4244 
5 785.34424 794.5937 795.1011 800.0 
