5 661.7691 696.8898 674.30756 703.3091 
5 161.96706 375.3757 178.79909 404.20236 
5 523.58826 126.12807 532.78 140.91844 
5 782.63873 294.47772 799.1535 305.77478 
5 138.71513 586.5758 154.89848 598.00635 
5 24.48318 253.79715 42.30584 263.6743 
5 237.30069 33.969933 253.29617 41.625206 
5 651.22644 344.59903 661.07263 362.0015 
5 624.9916 573.75995 642.09814 584.25116 
5 131.48099 255.69136 139.69434 271.47647 
5 142.748 323.6009 151.12001 338.93097 
5 524.1791 398.8283 538.8744 407.4308 
5 171.82411 33.707123 180.3571 48.52337 
5 626.1979 594.1057 642.4547 603.0321 
5 0.09190273 282.2128 8.9487505 295.72934 
5 124.64601 224.36285 134.53008 238.51965 
5 545.27686 254.19641 554.5005 270.15723 
5 600.7239 587.74194 609.90674 603.7545 
5 62.71889 436.34546 76.00389 444.26318 
5 479.73633 50.20833 488.7166 66.15735 
5 29.84356 417.0766 44.560493 425.70007 
5 720.3312 334.01132 729.96924 348.37833 
5 528.97144 385.45917 541.1643 396.92334 
5 423.20276 373.2816 439.10638 382.8356 
5 488.8217 340.83063 504.55753 348.74292 
5 685.40424 330.34805 701.6724 339.59244 
5 739.75604 331.5198 748.4804 346.16568 
5 501.16602 153.42574 509.787 167.45183 
5 555.8079 360.1727 565.53986 376.19162 
5 95.00942 405.08176 110.03327 414.53177 
5 396.55893 376.30923 414.3768 386.4763 
5 458.9378 367.5343 473.40277 376.49292 
5 13.856039 56.424717 22.747255 70.28168 
5 509.8925 51.486366 519.4422 67.34681 
5 343.21274 721.5158 359.01987 730.6773 
5 129.03986 109.80976 138.42984 126.05811 
5 29.52919 608.92096 44.0409 618.00055 
5 33.171425 620.30756 48.211296 629.2359 
5 440.16968 370.9052 454.96735 379.8651 
5 101.07974 108.56637 109.277374 122.20318 
5 103.71785 71.78721 112.12497 86.12324 
5 9.881683 272.48132 24.915722 280.78253 
5 428.75455 349.23102 444.22635 357.23596 
5 412.4339 351.8337 426.1294 361.0643 
5 89.91276 788.9802 105.333916 798.48755 
5 673.25726 340.28275 682.2924 355.1321 
5 151.76575 231.92224 160.21185 246.95578 
5 239.22626 404.22458 253.4512 412.98795 
5 63.15388 411.72327 77.57502 420.48444 
5 506.47812 186.75027 514.98566 202.19614 
5 119.81751 195.3264 127.07766 209.47594 
5 279.88974 396.2534 293.46982 403.22092 
5 263.4798 28.928944 277.26733 40.027485 
5 41.6233 266.73605 55.895653 275.60696 
5 148.92996 212.40572 157.48703 226.60942 
5 112.72063 24.51493 121.92439 39.222183 
5 112.779915 236.91168 127.36471 246.15994 
5 488.49695 94.90515 496.47186 108.70935 
5 64.35872 247.62976 78.142426 256.5731 
5 86.40097 34.714348 94.93593 49.012436 
5 345.7762 361.29675 362.26517 371.4698 
5 58.973965 64.32653 72.82881 72.52639 
5 170.46864 333.1904 179.49004 349.48856 
5 49.015232 89.01419 62.825863 97.41852 
5 80.04839 259.7185 92.26446 266.67273 
5 254.71219 396.93936 269.777 404.665 
5 166.69193 314.4227 175.64615 327.67825 
5 647.34674 318.64868 662.7509 327.03247 
5 0.35138512 98.306206 10.400518 106.02689 
5 93.5508 257.1066 106.82678 265.10953 
5 85.07222 17.928194 92.290085 30.893137 
5 367.2227 371.43866 379.59427 379.74835 
5 120.71483 210.90932 128.45784 223.61446 
5 137.61076 295.83337 145.91927 310.41754 
5 35.946426 66.72116 52.97168 76.168686 
5 78.925865 495.80078 95.46665 504.1668 
5 445.6917 346.67667 459.29425 354.3987 
5 117.16884 175.84302 126.19057 189.53162 
5 79.72083 83.980896 94.05001 91.25955 
5 641.1972 674.8759 652.35626 688.48016 
5 380.53467 473.49408 402.95673 486.8236 
5 461.86197 345.15674 474.05307 352.18964 
5 32.073326 91.16264 46.440193 99.860016 
5 83.263885 516.77655 91.175095 531.5042 
5 3.0096226 73.88553 18.402155 81.64166 
5 142.98444 180.33905 151.11322 194.68027 
5 157.04623 249.84401 164.95065 263.57556 
5 82.319176 245.44084 97.36718 253.50945 
5 548.5552 205.38268 564.6073 213.89455 
5 89.40391 50.33717 96.77631 62.96284 
5 59.979942 263.02026 73.90217 271.32623 
5 743.3953 59.810257 752.20306 74.8085 
5 14.291437 94.75822 28.706167 102.63186 
5 302.80228 392.6792 316.64755 400.97247 
5 140.28152 51.809025 153.43433 58.713993 
5 609.337 574.4871 617.72894 587.9964 
5 323.12125 455.52444 333.04257 464.78378 
5 193.56424 41.611126 209.59286 49.74442 
5 64.44286 86.58681 78.248985 94.7753 
5 53.597538 8.856845 63.066532 23.754684 
5 104.75328 515.07776 112.822205 528.9498 
5 613.1938 601.76337 623.1624 615.9239 
5 146.76027 271.37088 155.21446 284.17935 
5 492.25006 110.848816 500.787 123.772644 
5 111.83725 407.14398 125.1371 414.83093 
5 104.64162 126.98841 112.727264 140.98106 
5 234.88579 60.473293 242.43733 73.95619 
5 137.8237 164.6699 146.41156 178.04323 
5 205.05658 63.23439 219.05786 71.1759 
5 3.4755106 628.63354 20.409328 637.74084 
5 536.1333 98.45387 550.44275 106.04906 
5 261.44067 55.048462 268.373 67.68499 
5 576.7842 421.9708 584.8319 437.1287 
5 725.56525 72.17823 732.57794 83.5145 
5 485.3566 76.6993 494.15457 90.340706 
5 600.9872 472.3527 614.93396 480.4514 
5 397.1909 354.9354 411.4481 364.0281 
5 108.22276 253.41107 121.67049 261.6994 
5 27.290157 269.4886 39.242214 277.18597 
5 79.099884 433.60773 90.75592 440.93835 
5 134.50365 274.31375 141.96758 286.01248 
5 65.49161 521.28674 73.60655 535.0171 
5 722.5492 687.31525 735.6814 694.7734 
5 151.2385 377.4235 158.27173 389.0331 
5 134.55766 140.79573 142.4746 153.60338 
5 635.5056 657.89594 644.9717 672.1739 
5 220.38364 37.27835 231.81683 44.579483 
5 110.54972 145.52423 117.82996 156.99496 
5 176.78513 68.81177 183.86163 81.26108 
5 144.35248 200.21182 152.84912 211.76718 
5 243.15477 61.143345 250.60802 72.481186 
5 519.33234 188.66489 526.3527 200.76132 
5 637.98425 348.91705 647.3181 363.28406 
5 112.32194 513.251 119.86956 524.9031 
5 381.66495 37.711697 388.11917 48.574207 
5 115.387825 119.92726 121.74265 131.04436 
5 244.86699 410.71472 260.9172 418.00983 
5 597.1426 436.88718 610.09814 444.46835 
5 574.0392 403.8787 583.47656 419.5908 
5 687.00946 340.4209 694.2856 351.31903 
5 95.52172 428.3672 108.56895 435.69147 
5 117.21122 160.97475 124.85842 174.65514 
5 120.500946 399.4552 131.186 405.74762 
5 120.862526 145.57898 127.66178 156.95099 
5 665.2439 341.52765 675.0333 355.18823 
5 529.926 309.05817 537.81946 323.67627 
5 159.4945 264.18524 166.66599 275.89252 
5 221.28288 63.456608 229.2913 74.546974 
5 47.213154 424.8126 57.088917 431.21677 
5 598.2811 467.00067 612.55334 474.6187 
