2 697.76855 295.5915 720.84937 319.8175 
5 104.47748 778.0775 121.36177 790.59595 
5 749.2496 783.1149 765.4089 794.22455 
5 704.8931 422.46777 714.9162 437.71643 
5 738.8984 202.167 753.9554 210.57445 
5 60.883915 357.51834 70.893394 373.59256 
5 624.54785 434.06158 639.25354 451.2555 
5 44.49802 541.35846 53.920826 557.07684 
5 229.60056 502.3284 239.84872 517.80005 
5 613.33136 31.83342 630.7557 41.232002 
5 372.9715 446.35355 385.95526 458.79178 
5 29.124556 189.81265 38.373768 205.6018 
5 612.0913 385.58923 622.29736 399.8634 
5 287.58987 446.10513 296.18204 459.86655 
5 767.02875 784.165 782.6712 793.27814 
5 361.5594 42.063282 372.85498 62.565533 
5 789.5052 149.88988 799.04193 165.27269 
5 302.68326 443.91647 313.39713 459.60178 
5 768.2462 748.6412 782.4806 761.4046 
5 657.85004 428.4677 666.9056 446.06763 
5 373.49826 240.95107 389.19748 249.68578 
5 21.380428 290.55756 30.405762 305.77252 
5 403.97153 331.5468 412.69333 344.88434 
5 315.71582 488.94992 324.3971 503.58365 
5 327.90237 438.477 339.4733 451.5747 
5 370.97202 1.5073972 379.5604 16.255032 
5 736.5833 102.33003 745.5041 118.03757 
5 47.921764 157.37259 63.793102 166.91833 
5 345.76102 27.424257 355.11093 43.114044 
5 443.70108 541.6765 453.16293 557.193 
5 89.39607 152.09575 102.372406 160.17882 
5 333.4176 80.06267 349.35712 88.83719 
5 546.2837 398.30258 555.8596 413.87973 
5 564.9598 782.2972 575.3392 797.5455 
5 89.6482 122.29477 105.970726 131.49022 
5 390.6912 165.8165 401.26303 182.01138 
5 342.90143 7.4547873 351.89008 23.033829 
5 732.78613 14.161186 742.1704 29.116032 
5 66.391106 154.96274 81.08047 164.16483 
5 498.965 633.861 512.8743 642.0035 
5 364.76678 479.6543 375.2672 493.81653 
5 66.85237 396.34164 76.53017 410.29245 
5 40.37488 266.12762 50.067226 278.37506 
5 431.16864 88.79494 447.46783 97.89473 
5 50.766537 370.47214 59.801373 386.18338 
5 137.0451 471.49753 149.1207 487.65976 
5 479.25192 458.51846 488.22818 472.35446 
5 418.667 257.3847 427.2915 273.21747 
5 647.1106 432.86395 655.5244 447.09253 
5 226.31906 484.98483 243.7302 493.75626 
5 67.53364 480.0727 76.36678 497.0243 
5 737.4235 753.44995 747.029 768.6831 
5 758.6323 139.07631 769.5592 158.31877 
5 489.5383 459.30875 501.0577 473.3989 
5 459.54062 636.2089 468.9094 650.1877 
5 610.91473 772.1561 625.9766 782.7318 
5 376.94388 45.194572 386.37485 61.436325 
5 509.21756 739.7756 520.0591 755.0081 
5 641.80316 769.569 656.40717 777.6161 
5 682.14984 425.87637 691.0384 440.43094 
5 766.50806 264.36816 777.0646 285.31134 
5 637.44025 432.90985 647.57294 447.43457 
5 559.90924 58.823273 577.4881 68.30404 
5 689.346 379.12848 705.3283 387.73425 
5 557.9534 445.26334 565.59296 460.1923 
5 188.30273 513.8275 197.27731 527.2866 
5 462.8642 649.9526 470.05524 662.2581 
5 275.52963 478.07724 288.76273 486.4199 
5 238.9208 500.6125 247.25311 515.14374 
5 71.78883 411.0663 79.97734 424.57077 
5 788.5481 781.64484 799.5773 789.86957 
5 762.9692 238.42596 771.6817 253.3512 
5 466.17023 595.8581 473.66107 607.8438 
5 450.52652 500.86902 459.1116 515.41113 
5 320.85748 284.65445 336.83838 293.52817 
5 2.3652387 116.42085 15.578205 137.01291 
5 96.5264 635.7091 104.33333 647.8041 
5 770.4488 399.04813 784.26337 408.2817 
5 541.5503 449.5197 550.0758 465.62555 
5 306.3215 473.73233 319.18533 481.6329 
5 467.70288 709.36017 480.24097 722.94 
5 743.61285 29.379831 752.9277 44.34725 
5 619.3699 380.21994 629.999 393.84543 
5 311.86975 441.2507 322.2517 455.3204 
5 365.32907 141.86899 374.2571 156.87936 
5 258.08228 449.25244 268.16052 463.40918 
5 291.53214 115.52145 305.35782 124.52442 
5 412.99112 400.57257 422.691 415.8308 
5 408.46097 472.24268 417.25198 486.8781 
5 448.18054 575.72437 458.714 588.9374 
5 51.73239 304.1929 60.59794 318.95413 
5 587.66473 442.1046 596.87714 456.31458 
5 307.08157 114.058754 321.95883 122.70901 
5 405.07 354.14667 414.35736 368.77783 
5 222.40497 504.95657 231.08688 517.7748 
5 480.55768 583.2068 488.91895 597.1887 
5 570.3242 396.64688 579.0659 411.84103 
5 275.1208 447.12216 285.5503 460.44083 
5 458.03165 552.4318 466.08237 567.01276 
5 699.86444 789.32745 714.7255 797.96246 
5 774.34155 70.65687 787.84656 94.42187 
5 110.689735 710.39636 119.352165 726.02576 
5 595.97736 391.81863 604.8671 405.92538 
5 640.5217 794.7365 655.7931 800.0 
5 486.3657 53.387936 501.7888 62.34873 
5 109.30606 650.2368 117.29605 664.04236 
5 417.20187 470.82867 427.46628 487.42487 
5 8.222863 530.2064 30.253834 541.11816 
5 143.86523 783.976 152.83386 798.3476 
5 6.330653 203.59377 14.6786585 217.08977 
5 33.426838 349.9973 42.059277 362.1076 
5 443.1884 61.128178 456.37473 69.68356 
5 371.5015 173.69167 384.38602 185.65373 
5 169.34409 515.7269 178.77216 529.58984 
5 346.97226 438.5315 360.75162 450.43256 
5 372.8627 476.8667 382.26663 490.49457 
5 726.3437 419.01224 735.93866 432.7784 
5 39.248493 249.9064 49.535465 263.47208 
5 79.83173 610.6248 87.645546 624.2154 
5 102.34942 733.12427 111.46313 747.7289 
5 460.39474 60.554054 477.7142 69.60578 
5 581.6841 395.1183 591.42554 410.08545 
5 565.9918 445.65283 574.6085 462.00763 
5 520.3508 421.642 536.84717 430.68826 
5 415.14786 229.67804 423.32455 245.07864 
5 719.0218 788.8407 734.5401 797.0105 
5 415.81677 93.41624 429.3911 101.28658 
5 564.27747 40.684166 580.88965 49.4281 
5 296.22528 492.73578 304.22302 506.68616 
5 448.17813 403.82568 457.45187 418.17584 
5 67.93084 551.1552 76.419304 565.9576 
5 53.85244 330.31918 64.46214 347.4028 
5 103.31768 623.8447 110.50425 636.0852 
5 545.33167 44.12812 558.29407 51.752563 
5 147.05351 469.2794 155.91899 484.1027 
5 120.79462 526.0636 129.33527 539.23425 
5 34.17802 226.4367 43.496113 239.63663 
5 533.90515 451.21814 541.28406 464.0786 
5 129.4008 524.0449 137.34758 537.5405 
5 191.1227 107.30655 210.83394 116.53131 
5 27.7276 519.4517 44.28475 527.9489 
5 74.383194 434.22192 82.8145 448.48242 
5 35.30967 291.5688 43.253136 303.81964 
5 126.38362 702.1003 133.69017 714.83954 
5 30.817772 210.38853 41.4234 223.98882 
5 578.96533 64.74631 592.53564 72.52977 
5 307.50864 99.59025 327.1478 109.30155 
5 144.09361 141.38788 160.0312 150.13934 
5 450.784 593.85376 459.1161 606.5354 
5 33.749153 542.51227 43.408066 559.2288 
5 551.6915 784.11084 563.0342 795.1238 
5 40.94344 281.1771 54.064915 295.29178 
5 110.86596 475.54166 119.41329 490.39243 
5 525.1794 402.43808 534.7496 419.07687 
5 176.62907 511.68246 186.0243 527.10596 
5 201.96791 489.5226 215.1027 497.58456 
5 276.7336 496.3364 286.7922 508.10403 
5 518.6479 454.75665 526.0568 466.88794 
5 418.75253 393.85107 427.84012 408.25867 
5 604.77637 434.64838 617.9651 449.17377 
5 207.03894 508.56586 217.02875 521.66876 
5 425.6605 281.71497 433.38058 294.41266 
5 222.31595 101.39166 237.26068 109.80789 
5 157.82825 472.9662 165.62286 486.63837 
5 12.073511 225.84926 18.572336 237.0984 
5 38.932487 377.84097 46.83001 391.5768 
5 128.8993 475.78644 137.6483 491.86163 
5 412.5929 210.24394 420.25665 224.74825 
5 386.79944 76.23679 401.6999 83.95962 
5 472.4572 522.29706 480.21393 536.3654 
5 732.8386 82.78483 741.1233 95.14257 
5 32.546055 333.8314 43.820614 347.27652 
5 52.407455 448.22284 60.464645 462.93848 
5 666.60895 429.70886 675.1137 444.85083 
5 456.56247 680.08795 472.55832 690.5961 
5 713.9235 421.42065 723.3083 435.28943 
5 41.989754 396.00113 50.535934 411.42538 
5 71.13664 568.1384 79.95642 581.29834 
5 159.59125 518.0817 168.27847 532.2421 
5 771.4575 288.06775 780.1925 301.95367 
5 61.490196 422.09348 68.45226 434.00723 
5 698.4902 758.5345 706.8962 772.149 
5 442.2819 373.49377 450.7856 389.33728 
5 489.68137 774.9573 498.17612 789.39453 
5 111.34657 527.66156 120.442215 541.3 
5 363.73227 465.44135 376.38547 473.2177 
5 286.18326 492.63998 294.84036 504.73416 
5 19.22256 257.34845 26.999844 269.82648 
5 214.37767 505.89316 224.4528 518.9204 
5 436.63782 421.4272 445.02753 435.932 
5 165.8531 470.9253 174.12831 483.8806 
5 730.05365 372.1715 745.8824 380.62408 
5 292.2271 663.04047 310.67908 707.2918 
5 278.83765 90.293175 291.7268 97.99949 
5 105.44962 788.5924 121.97057 799.1332 
5 259.0364 464.6926 274.01425 474.3654 
5 3.9870503 53.42149 10.627592 65.57959 
5 448.802 559.4486 457.45813 572.49744 
5 483.4517 415.23013 492.10928 425.10025 
5 467.45154 671.20703 478.0783 685.18115 
5 195.61307 501.57645 212.15613 509.84787 
5 353.1088 478.6913 365.007 492.4283 
5 141.77982 520.02246 151.10803 535.05664 
5 500.24445 455.73508 509.22186 469.55063 
5 384.84378 136.08998 392.70865 147.69756 
5 496.92523 623.306 508.7555 631.4741 
5 0.65168095 728.2855 10.236088 737.0309 
5 465.14676 619.2609 471.69138 632.03766 
5 53.770996 523.5701 68.53215 532.47723 
5 119.42135 643.9654 126.69616 655.6672 
5 511.1025 455.56757 519.4476 467.5841 
5 74.80488 583.08606 82.95985 596.25977 
5 239.42273 125.28797 252.02533 132.6276 
5 415.54044 366.6989 424.42435 380.4784 
5 100.43176 718.01447 108.69939 730.7846 
5 292.59644 87.21895 304.5584 94.80414 
5 177.18271 135.80774 188.7344 142.81314 
5 409.1503 369.5935 417.6924 383.7522 
5 307.8129 107.50176 322.8419 115.628136 
5 140.73131 770.5139 148.37111 782.77454 
5 264.09283 502.35492 271.31 514.28326 
5 13.315501 179.1164 20.802017 191.11545 
5 307.2181 85.67415 319.60263 95.988556 
5 17.834225 237.20059 25.50938 249.48242 
5 60.74263 138.97682 71.1989 145.45576 
5 486.07718 599.3813 494.80447 614.4428 
5 68.240074 503.36115 75.8314 516.5251 
5 18.572386 270.07605 25.917356 281.97467 
5 446.47147 633.102 457.22678 641.07184 
5 717.661 375.0284 731.1073 383.29947 
5 304.653 492.30255 313.03192 506.10687 
5 173.82256 469.40323 180.91429 481.30545 
5 500.34143 702.5601 508.91382 717.15704 
5 505.96924 726.77954 515.4385 737.57007 
5 78.83328 597.5472 86.247665 608.9495 
5 391.16003 474.924 399.68494 488.6339 
5 458.40747 618.77515 464.87067 630.7345 
5 577.4836 781.21423 592.3057 788.7302 
5 691.14343 426.61194 699.02405 438.00256 
5 48.025093 411.1743 57.392555 426.20645 
5 596.8735 439.46323 606.3702 454.311 
5 399.87134 474.32834 408.1839 487.09598 
5 441.31808 523.8412 448.19998 535.7992 
5 785.28314 746.5847 796.39545 755.33887 
5 29.443878 318.8112 37.622032 331.06198 
5 640.92706 387.06537 656.4416 395.2713 
5 462.74988 698.3267 476.16626 708.31573 
5 3.1988287 200.43533 16.795544 218.8374 
5 164.01361 499.4563 175.63617 506.5611 
5 129.36018 127.10854 139.91447 134.69864 
5 456.6239 605.363 464.93018 617.5518 
5 702.94476 28.333466 713.2602 35.979645 
5 707.33795 759.1817 713.95123 770.1607 
5 676.1896 749.87897 684.18384 764.52985 
5 578.454 444.08643 586.8263 457.72217 
5 180.98074 468.94757 186.09644 479.5929 
5 412.0286 383.5167 421.0441 394.75034 
5 512.1943 53.055893 523.6921 60.030945 
5 580.4346 47.952686 590.917 54.79604 
5 748.3466 752.02594 762.3925 764.3593 
5 751.46027 184.44798 759.7939 199.00514 
5 0.9237275 512.2472 8.487518 520.12024 
5 253.08226 455.3031 260.92056 466.98352 
5 56.812756 496.7769 65.05086 507.5237 
5 132.55069 503.13715 143.23386 509.70917 
5 250.85425 501.2387 259.30704 514.41016 
5 671.3527 796.2767 682.3327 800.0 
