3 129.84424 393.16214 149.32996 427.90695 
5 346.99356 2.7686148 360.5247 29.037933 
5 3.6476002 391.51547 56.758034 410.47897 
5 102.304955 662.2314 118.8258 686.1275 
5 137.51875 643.597 162.99992 655.8022 
5 478.2806 553.02704 488.6627 564.8049 
5 1.3397541 368.62244 49.988678 388.76624 
5 565.6151 32.85219 580.9264 56.201485 
5 400.81195 352.32205 408.25604 367.39127 
5 155.69127 697.3489 171.38976 721.9138 
5 272.01672 571.3349 280.70355 587.06854 
5 123.61566 661.1978 137.04694 683.196 
5 428.10428 544.3441 442.54526 552.3788 
5 168.42801 695.8378 184.74844 718.55316 
5 503.90244 687.16583 519.71735 706.61957 
5 311.14752 563.3328 320.1944 577.5092 
5 463.18814 736.1172 478.25772 745.8679 
5 130.83119 709.4524 143.48885 733.4512 
5 293.18607 566.2187 302.59763 580.2795 
5 316.37045 586.94244 325.38376 600.5672 
5 138.16443 634.65826 155.82968 645.2862 
5 715.6146 721.19653 737.6105 734.1034 
5 3.0191002 380.81436 52.595646 398.8522 
5 68.76103 680.13934 82.4969 691.7718 
5 371.6594 314.24615 388.00772 324.28058 
5 82.83483 668.3976 94.12182 683.7012 
5 51.904003 631.9767 66.60352 639.2307 
5 788.3477 703.03094 800.0 712.8206 
5 319.1338 560.976 327.15692 574.6607 
5 447.1947 717.32184 463.09558 725.4776 
5 702.31775 730.7013 713.33264 752.48816 
5 307.2929 590.2057 316.2049 603.5757 
5 440.22592 700.8905 460.83597 710.6787 
5 301.70123 564.17914 311.1833 578.8392 
5 94.15003 707.35144 111.78043 731.6968 
5 108.12155 708.191 121.36685 732.1286 
5 704.68665 677.20325 725.5187 687.82886 
5 434.1793 617.11426 449.48654 626.7042 
5 92.38898 662.34485 106.42398 685.2743 
5 331.86667 560.88617 339.86826 574.2198 
5 378.87115 631.2176 387.11993 645.09735 
5 444.8524 659.4085 459.7197 667.283 
5 173.87665 674.0573 194.5643 684.3431 
5 444.13412 681.21844 459.18802 689.29767 
5 351.33994 655.03156 365.1763 663.52484 
5 231.43427 652.1433 245.56622 661.0436 
5 444.36475 672.54834 459.22485 680.9717 
5 226.64456 608.3587 234.99048 622.5556 
5 317.0919 525.6417 330.5906 535.5604 
5 390.31046 622.27203 399.69186 638.3996 
5 422.24445 557.9724 436.66815 566.5742 
5 138.71953 681.82056 153.70131 704.3119 
5 139.54474 706.55383 153.0993 729.34814 
5 112.30615 659.732 127.08629 682.3619 
5 355.6571 613.6552 365.24634 628.48956 
5 465.43185 765.64685 480.2067 774.52344 
5 436.1704 588.6686 449.24963 596.871 
5 80.63196 640.388 95.92465 649.393 
5 179.60558 682.34174 195.0243 690.77826 
5 431.7001 601.9914 446.29276 611.55426 
5 57.55183 649.6013 71.78561 657.02246 
5 117.18109 706.6192 131.95798 728.62823 
5 52.73211 639.64075 67.36856 646.83484 
5 170.42297 664.7364 193.05289 675.36676 
5 59.679653 658.10547 74.460495 666.8053 
5 484.65082 496.64432 495.79303 503.96225 
5 482.6571 565.93427 493.875 577.8969 
5 341.36676 562.3572 348.80273 575.7091 
5 443.71265 690.3683 459.4065 699.72925 
5 432.6028 610.0506 446.84525 619.4277 
5 236.69519 42.195114 250.53723 50.131744 
5 525.2368 770.9859 530.7787 785.43915 
5 343.5416 616.87146 352.478 633.2445 
5 148.57755 705.50116 161.43457 725.06525 
5 119.321365 499.65573 129.93724 513.7452 
5 490.63055 532.4394 499.09497 546.55365 
5 237.6857 607.27734 245.42892 621.4878 
5 104.043564 691.41205 114.69299 708.61505 
5 422.9412 686.69147 430.49063 698.74176 
5 354.97202 663.04443 368.42844 671.23535 
5 86.38535 683.7262 101.13242 705.0133 
5 334.39172 608.3368 342.67426 623.9656 
5 136.89055 625.83856 158.29796 635.5218 
5 107.00464 694.1433 119.452255 704.1842 
5 494.95093 640.86176 507.09875 653.27423 
5 386.2432 665.319 396.2626 677.58765 
5 144.66624 698.64056 162.03212 722.10565 
5 414.73755 679.33276 421.32825 690.3939 
5 54.746407 644.1318 69.39049 653.6337 
5 489.2722 613.7921 498.98257 625.8268 
5 515.06726 757.3869 522.68994 770.0264 
5 496.39713 667.5239 503.95425 680.9 
5 511.12213 660.1441 520.3127 674.529 
5 379.0262 348.72223 394.09323 357.55347 
5 522.6656 758.0016 530.9146 770.6294 
5 726.5759 761.56433 737.2081 770.47705 
5 155.40619 606.2789 178.06491 615.5036 
5 111.84536 692.6838 122.79279 707.6839 
5 443.1457 710.19904 458.65442 717.96454 
5 586.3474 691.9411 599.93225 699.403 
5 99.56325 707.07135 143.82794 731.32086 
5 215.57724 771.28705 233.12164 779.05743 
5 712.9847 736.07007 736.2297 748.2605 
5 520.34467 774.5635 526.51227 788.50073 
5 518.40955 772.0728 524.8745 785.63824 
5 763.30273 719.6749 779.5375 727.4872 
