5 420.01523 602.97363 435.5817 616.28784 
5 509.94986 652.8833 526.14966 669.0027 
5 603.30286 473.48132 620.96045 488.9984 
5 425.75113 540.59937 442.25308 556.2041 
5 756.4276 592.1162 773.45776 608.6664 
5 605.5889 405.64233 621.2524 420.08893 
5 319.13998 560.6118 333.9 575.49365 
5 718.974 704.13544 736.0503 719.39594 
5 404.95294 591.51526 419.64563 605.86743 
5 341.4047 281.9191 357.64304 297.1393 
5 341.4315 619.3079 355.13992 632.0588 
5 489.04736 661.9454 504.57623 676.61053 
5 439.48862 179.053 456.98672 194.29817 
5 326.8984 565.0249 342.49094 580.3611 
5 21.36136 618.4686 37.310535 633.3967 
5 548.0707 613.84015 562.42285 627.2507 
5 303.81375 322.45853 320.1674 337.06046 
5 334.5762 506.09546 349.08994 520.08105 
5 95.1512 541.98486 112.37927 556.85693 
5 673.547 766.9857 687.405 780.77527 
5 527.94464 621.4748 543.35614 635.7746 
5 79.17851 558.50977 96.80481 574.10986 
5 307.3469 533.8993 321.5765 547.7223 
5 424.62622 688.5425 441.21533 704.3589 
5 111.137505 524.7819 128.39949 541.1503 
5 623.6444 548.5515 639.8928 562.9923 
5 760.84076 93.627914 777.4809 109.167694 
5 223.38075 406.5861 240.78365 423.42245 
5 49.330338 590.1042 64.95961 604.97015 
5 335.3319 570.3355 351.09772 584.5809 
5 497.07013 666.6677 510.71887 681.5724 
5 502.38144 649.2967 516.9177 664.13556 
5 554.1387 635.588 567.178 649.0477 
5 342.39542 381.3845 357.7297 395.45377 
5 487.83835 707.3365 501.52896 720.10187 
5 298.79355 529.166 313.97324 543.3014 
5 483.8807 575.9692 498.39963 588.9881 
5 532.67847 603.38116 547.5758 616.7741 
5 270.10693 571.92487 283.56 587.96674 
5 694.81714 715.94055 710.1085 729.6859 
5 392.25003 228.62349 409.98312 244.68498 
5 578.93066 567.49146 593.5226 581.4623 
5 663.8157 763.424 679.9895 777.58685 
5 461.1083 156.15979 479.75363 170.9524 
5 198.14288 532.3322 213.29016 545.883 
5 447.77823 682.5603 460.91592 695.52014 
5 563.07764 557.0709 579.05774 571.2114 
5 364.32153 632.4885 377.52057 646.0696 
5 324.71268 609.41595 338.58212 622.41583 
5 573.41986 306.8105 589.1326 320.7417 
5 6.391885 635.14935 22.266872 650.02875 
5 448.93484 570.68695 462.85342 586.57916 
5 387.9551 583.9498 401.1558 596.16016 
5 573.791 628.86707 588.7092 642.30994 
5 591.53296 595.3485 605.5371 609.9581 
5 561.78235 53.254494 578.0941 67.5702 
5 594.274 17.193336 610.9223 32.77742 
5 34.78852 604.95734 50.715584 619.95087 
5 311.53943 555.1206 325.7685 568.9734 
5 383.51425 323.0544 399.50284 337.21317 
5 660.5854 742.0829 674.20953 754.5846 
5 453.59723 554.57477 467.89343 568.153 
5 541.67737 435.1863 555.7877 449.0634 
5 455.29285 686.837 468.0705 699.5695 
5 208.02103 423.0609 224.88943 437.37677 
5 497.63074 733.08923 513.8173 747.3292 
5 305.04453 421.38608 318.3829 433.98953 
5 356.4911 561.5601 370.77905 575.5688 
5 529.3402 555.72296 542.6362 569.2873 
5 566.2484 581.7156 582.2838 596.1013 
5 466.5702 562.9885 481.35992 578.5487 
5 405.64813 657.56134 419.6952 670.60895 
5 417.02774 406.15866 431.93918 419.15262 
5 133.98735 522.9366 151.42393 533.706 
5 607.7684 3.1491828 624.6298 17.475304 
5 228.57785 487.89432 243.89795 501.49112 
5 439.86063 567.789 454.28635 581.4207 
5 482.91925 134.25224 500.07898 149.20421 
5 425.76053 194.21945 442.62216 209.84244 
5 475.2 397.1333 489.68695 410.5368 
5 597.73254 400.86304 611.2639 414.32642 
5 330.12595 419.68643 343.9291 433.13693 
5 379.1772 512.3877 394.10596 525.43994 
5 318.58063 495.57352 332.7912 509.6796 
5 577.481 35.206837 594.27985 50.48154 
5 523.8991 679.6456 539.88434 693.84204 
5 499.07983 116.13486 515.3325 131.01799 
5 462.07278 516.4511 477.3068 530.6971 
5 582.152 180.724 596.34814 194.2727 
5 127.94893 529.21326 144.07744 539.8568 
5 410.41736 209.40169 426.54425 224.47389 
5 311.94565 335.86798 329.22025 347.08875 
5 307.68484 469.97687 321.08987 483.26282 
5 139.76405 515.5461 157.54173 526.9311 
5 425.46225 624.0259 438.14755 637.0038 
5 550.29065 570.3445 565.67725 584.2185 
5 91.63396 568.0628 106.9608 578.85724 
5 751.75006 660.23236 765.03546 673.1661 
5 571.17365 645.12274 585.0776 658.69745 
5 207.04166 538.3338 220.34802 551.1163 
5 459.37653 774.25024 474.60797 787.35266 
5 645.79095 432.4688 658.4609 445.65112 
5 290.9494 337.40518 305.44458 351.90854 
5 153.1337 503.06555 168.92819 513.4084 
5 132.81958 503.1269 149.11798 517.07025 
5 392.6681 604.8699 406.82855 618.72156 
5 345.93216 364.00864 361.59775 377.59305 
5 318.0361 328.93436 337.41782 340.49857 
5 63.683853 575.33704 80.29993 590.2776 
5 325.497 300.89798 341.17102 316.57828 
5 171.72054 461.3219 188.25084 477.32477 
5 187.23885 444.1849 204.34853 459.8134 
5 230.55093 552.0427 243.55215 564.92834 
5 782.3912 58.692963 797.49164 74.320114 
5 479.50436 591.25714 494.8116 607.07513 
5 680.6584 196.27432 693.7104 208.85477 
5 433.1755 629.61444 445.86923 642.7912 
5 517.741 658.37683 532.7004 673.4585 
5 356.76025 520.8389 371.49738 534.15826 
5 588.872 120.13583 604.998 135.2922 
5 667.61993 37.819344 683.3049 51.738274 
5 398.25696 652.31464 411.5125 665.18427 
5 302.04163 485.7242 316.70868 500.19986 
5 704.4946 693.85175 719.96924 707.99664 
5 548.99756 67.089455 564.75183 80.56574 
5 482.53723 511.09833 495.89392 523.87604 
5 429.8254 606.9456 442.8091 619.8005 
5 496.238 534.9806 510.83536 548.72144 
5 376.08362 594.6454 388.79816 607.93164 
5 146.72041 489.39917 162.38603 502.97174 
5 371.1833 253.46306 385.8625 267.76395 
5 530.65204 683.67194 547.205 699.1314 
5 515.3049 98.773735 532.4267 115.32079 
5 536.65656 559.8063 550.96967 573.75305 
5 587.2952 506.76215 602.14923 521.0461 
5 520.0492 551.63727 533.3346 565.0822 
5 629.2761 598.04877 643.3817 611.4168 
5 171.64864 483.9879 188.404 494.0965 
5 560.94165 639.9537 575.16077 653.61066 
5 331.72388 549.0652 345.00092 562.31665 
5 501.6239 475.17023 516.4434 489.0669 
5 557.561 79.11438 574.67267 90.97702 
5 151.62581 548.98816 167.57481 562.88574 
5 159.67987 497.2889 176.6838 507.97726 
5 493.10712 645.8813 507.10492 659.68475 
5 437.8621 612.1279 450.426 624.9668 
5 463.3372 690.1358 476.63693 704.7409 
5 305.81497 342.12698 321.71622 352.83084 
5 372.91614 463.45233 388.3703 478.61212 
5 371.15332 376.32358 385.1231 390.5909 
5 576.5629 55.761223 594.2226 70.273026 
5 463.4742 581.87573 478.145 596.26245 
5 66.7725 593.6437 83.14901 605.4354 
5 458.41925 492.38733 473.6325 506.60016 
5 348.59668 296.45764 366.528 308.80463 
5 480.97745 659.3026 494.89273 671.8943 
5 350.2676 383.77444 365.92136 400.59427 
5 220.33499 432.94635 238.60919 444.37628 
5 391.0757 646.0405 404.06284 659.58167 
5 240.89778 390.31012 256.81125 404.68268 
5 547.1782 630.4263 559.9878 643.5437 
5 260.12274 369.32004 274.9651 384.39615 
5 293.6206 355.80536 308.94775 366.8587 
5 339.5083 553.2012 353.50122 566.71545 
5 131.72345 567.9868 145.85983 580.80054 
5 36.65125 625.7206 51.922665 636.39136 
5 692.729 759.0832 707.17065 774.08624 
5 441.01453 635.1295 454.04517 648.79553 
5 430.80673 671.24634 443.82327 684.9584 
5 22.807018 638.63257 39.266228 650.0093 
5 492.43787 579.4097 506.65588 594.03973 
5 190.63661 463.51068 207.30794 476.0802 
5 530.4752 84.85664 546.00806 99.04953 
5 165.72534 491.31003 182.21133 500.93185 
5 641.98047 557.54956 654.9691 571.00586 
5 395.02307 586.0318 410.4898 602.21246 
5 407.24747 547.75653 420.8563 562.2458 
5 319.10153 431.37726 332.0073 446.0376 
5 413.30875 596.8621 427.31253 610.212 
5 214.65858 543.0468 227.14687 555.79584 
5 202.23236 452.4657 219.07782 463.17114 
5 422.7632 667.7048 435.40366 680.0369 
5 341.16812 302.15604 358.7325 314.81204 
5 245.69748 560.6297 258.60852 574.0638 
5 252.4229 565.4084 265.68536 579.6031 
5 755.8959 371.08997 771.4885 384.98938 
5 124.2423 536.2919 138.18155 546.7688 
5 414.75043 662.9398 426.8949 674.88464 
5 265.17084 527.6033 278.2926 540.7256 
5 332.03073 612.9768 346.69858 627.18506 
5 476.402 636.36456 489.26694 648.8217 
5 472.8618 654.38196 486.98495 667.1526 
5 447.9254 638.9294 461.9662 653.4583 
5 348.49905 514.2941 364.28397 527.99164 
5 391.0111 537.65857 405.23138 550.9564 
5 724.72955 660.61206 738.0345 674.0458 
5 457.7804 642.84674 471.0172 656.58624 
5 357.77432 268.2668 372.87827 282.0187 
5 31.204191 632.5713 46.615166 643.8285 
5 432.2739 562.38324 445.89114 576.6104 
5 410.63165 529.8167 424.97705 543.8194 
5 292.40976 589.92017 306.22708 602.25586 
5 98.002426 562.44073 113.80823 572.72894 
5 366.89233 590.6898 379.76538 603.7572 
5 237.38434 491.90585 252.01236 506.11142 
5 611.95184 134.79506 627.9775 149.05482 
5 295.25787 481.2727 309.2318 493.92535 
5 613.1874 586.2028 626.7052 600.1739 
5 336.0474 375.4093 349.5178 387.72955 
5 42.307346 619.44037 56.67889 629.4268 
5 525.2761 597.9351 539.13965 611.34796 
5 373.8449 572.3192 386.8587 585.84314 
5 276.3878 515.30286 290.4592 528.6732 
5 514.6011 675.7868 526.7649 690.29205 
5 522.2507 615.3125 535.4832 628.7833 
5 315.0481 408.20535 330.81415 422.41232 
5 300.51392 348.65042 316.15955 359.14334 
5 379.9174 576.50543 394.43112 590.8769 
5 219.37285 500.96048 231.90932 512.4634 
5 423.808 557.1961 436.78214 572.3912 
5 649.7913 563.2688 662.25604 574.92505 
5 500.4425 583.39154 514.5115 598.3768 
5 384.7037 599.0523 398.29684 613.57184 
5 244.45828 406.838 259.4961 418.37952 
5 506.5181 604.51917 521.1088 618.8827 
5 418.7584 618.6709 431.56827 631.2897 
5 371.62485 635.8623 386.4868 650.2671 
5 276.6248 352.2027 291.9606 366.43304 
5 382.0933 640.77826 395.55905 654.8057 
5 664.3643 57.852554 677.7557 69.678345 
5 365.44968 565.8255 378.83 580.3781 
5 575.3781 585.5299 590.0694 600.7494 
5 296.41122 546.407 310.68478 560.75916 
5 614.5992 543.0547 630.0279 557.9469 
5 8.445799 651.573 26.529135 664.282 
5 464.99872 175.87364 482.3158 187.13106 
5 352.58508 578.7138 366.87665 595.191 
5 222.83784 547.7281 234.43999 560.1507 
5 380.4725 403.49094 394.171 417.14713 
5 261.9618 568.93915 272.9712 584.6473 
5 403.55756 417.5398 418.77747 431.27942 
5 402.1135 607.6511 415.70847 621.62366 
5 452.33255 621.40106 464.86288 635.6807 
5 361.84924 371.919 376.13348 386.35504 
5 373.51312 527.2974 389.97894 543.43304 
5 582.4931 632.6257 597.1281 647.3414 
5 392.09695 327.73386 407.6547 341.3574 
5 471.6429 586.3842 484.95364 601.8763 
5 599.62067 599.3925 613.232 613.8704 
5 731.1361 708.9895 745.6986 724.1649 
5 287.23584 362.84695 303.6541 374.1757 
5 525.18005 665.8879 539.64294 678.6921 
5 350.52237 623.2426 365.01456 638.3964 
5 495.10297 711.825 509.1026 723.3105 
5 347.66797 558.3638 360.6372 570.9977 
5 537.8672 625.8295 551.3677 639.46906 
5 214.3855 440.2803 231.33585 451.44345 
5 466.6382 647.55566 479.50027 660.98755 
5 456.22668 576.4228 470.02155 592.9832 
5 109.37727 547.0185 126.74252 559.2055 
5 581.5321 393.01892 595.42676 408.48273 
5 702.80066 719.3863 718.9247 735.54254 
5 338.96356 422.92792 353.03766 436.42487 
5 304.03036 549.9315 317.7723 563.9834 
5 415.58826 553.67505 427.5827 567.53455 
5 245.28195 497.8893 258.1252 511.36844 
5 538.9254 691.55707 552.2908 704.19257 
5 477.2514 568.24347 490.90942 582.3903 
5 48.751377 613.5523 63.74702 623.2863 
5 438.1818 676.4628 451.44217 690.45795 
5 409.2494 612.90216 421.9525 626.6257 
5 56.153313 605.7818 70.01238 617.26385 
5 444.123 548.3727 458.18738 564.0691 
5 743.0292 654.61676 756.64075 668.20636 
5 505.83286 670.6383 519.1285 686.8153 
5 252.43024 501.05322 265.59918 514.89526 
5 523.1914 533.61975 536.74756 547.5885 
5 160.22937 476.43076 174.20132 489.54056 
5 391.9599 391.2131 406.8246 406.17697 
5 61.45182 600.05176 74.9383 610.00134 
5 225.4318 425.4903 242.6655 437.22345 
5 398.72147 543.20197 411.88937 556.257 
5 330.96188 316.64764 346.59738 326.55298 
5 613.2399 775.9859 628.91864 789.59296 
5 635.4972 83.86521 650.7776 98.40281 
5 249.54399 517.6883 262.25528 532.02094 
5 260.2487 455.50134 271.92703 468.95972 
5 291.2569 525.30927 303.86102 538.8239 
5 262.99283 387.13443 277.70187 397.3021 
5 178.89456 477.00366 194.64761 488.1928 
5 422.2272 491.9205 436.65445 504.98727 
5 238.43266 555.7054 250.56328 568.9058 
5 266.15714 461.2764 278.94772 474.51175 
5 544.5487 565.9101 557.187 576.9035 
5 469.97266 694.97253 482.8205 709.1112 
5 186.777 470.89914 202.15337 481.5402 
5 510.37228 546.38403 524.67126 560.4906 
5 598.43835 212.4972 615.8872 226.21445 
5 540.0544 606.7955 555.08295 621.101 
5 240.33829 514.3505 252.51898 528.79205 
5 360.56024 437.99017 374.53046 452.17407 
5 206.66504 445.26447 223.9184 456.2257 
5 566.1588 622.34064 580.0165 636.8807 
5 484.6078 639.816 498.57452 653.70953 
5 584.19434 589.3708 597.19617 604.24457 
5 508.23865 735.2782 523.1024 749.55664 
5 556.84393 618.42896 570.22797 633.4657 
5 660.13403 34.992237 675.2876 47.996258 
5 256.00793 393.52908 273.8808 405.2039 
5 539.80255 156.65318 557.72577 172.25984 
5 563.2207 382.90152 577.3678 396.24057 
5 283.28265 455.54343 296.5454 468.28433 
5 497.9977 600.6737 512.3108 615.87024 
5 659.1301 440.7324 674.16797 457.3044 
5 87.03042 574.18164 99.46325 584.667 
5 309.30725 597.4835 322.9718 610.344 
5 682.07336 707.09863 695.73926 720.01575 
5 488.2546 597.55475 501.62082 612.20966 
5 287.5404 541.2422 299.24805 555.93054 
5 608.61914 603.0841 622.31006 618.02954 
5 479.1156 699.5649 493.77423 714.5573 
5 16.654018 644.76984 33.367073 655.9804 
5 262.05743 505.4349 274.6046 517.9105 
5 587.17474 572.1913 600.961 586.4872 
5 360.06158 584.7231 372.32324 599.33234 
5 491.96817 258.80344 507.0452 273.0336 
5 385.48892 256.6905 402.2557 268.88037 
5 596.38434 576.1862 609.7652 589.94904 
5 539.60864 541.3377 553.3396 555.17035 
5 238.19003 413.2278 254.64163 424.06778 
5 284.2326 584.62604 298.42908 598.0357 
5 79.043915 581.46576 94.33084 592.16986 
5 486.49454 530.6179 500.0051 545.3367 
5 250.47272 399.8733 265.3181 410.92438 
5 616.61615 609.65533 629.8493 621.9191 
5 443.83984 615.56177 457.1825 630.05444 
5 513.44745 608.7469 526.591 622.13446 
5 359.123 389.34286 371.90594 404.60898 
5 347.48892 427.37366 359.74863 440.2682 
5 381.31863 532.5372 396.499 547.4294 
5 634.2889 552.4595 647.8975 565.08386 
5 197.66574 458.34 213.22159 468.40714 
5 403.21106 523.7736 415.88293 538.6606 
5 324.3849 541.18475 338.02533 555.7547 
5 533.60486 669.8184 547.6693 682.1115 
5 666.98486 557.438 680.479 571.06885 
5 299.49582 593.45166 312.45493 605.7717 
5 323.55344 322.9865 341.75705 333.0722 
5 625.2856 612.299 640.2513 625.7464 
5 511.33853 717.91736 525.4837 732.7932 
5 147.87857 508.9659 165.37305 520.70026 
5 316.80292 605.35754 329.04584 616.9175 
5 719.0485 729.7865 733.7326 745.6559 
5 373.4265 398.96216 387.43066 411.03125 
5 312.1807 425.24493 325.5778 439.6452 
5 502.10004 714.3699 517.7478 727.93604 
5 117.07211 540.62695 129.83745 551.5857 
5 258.2116 521.5524 269.86017 535.3315 
5 232.9651 507.85114 245.69887 524.0661 
5 366.44302 395.0161 380.71146 407.25732 
5 461.95612 623.8536 475.2094 638.6264 
5 627.10345 141.94478 643.8388 157.35909 
5 469.01624 629.27606 483.5921 642.3155 
5 469.60748 767.8788 492.1479 791.7947 
5 554.02295 688.81726 567.3087 699.7162 
5 233.3816 419.331 246.39687 429.57495 
5 277.1618 580.0594 289.79114 593.1058 
5 272.8638 530.7754 284.5402 546.4253 
5 656.5895 567.7184 670.03894 580.51306 
5 102.32129 554.85913 117.924194 565.1991 
5 632.57874 469.37625 648.8989 486.34732 
5 659.83057 551.08826 673.41833 565.52 
5 513.0505 588.9631 526.982 603.0557 
5 198.57993 455.11157 215.88889 466.1914 
5 303.779 344.6866 319.22876 355.36685 
5 290.22635 542.9931 303.1434 556.9355 
5 506.7121 349.32498 521.67035 363.18277 
5 786.1906 634.3211 797.97516 648.24176 
5 529.3284 87.34398 561.1895 120.38698 
5 305.79535 406.91827 320.5041 419.14923 
5 343.19592 575.3519 356.1488 588.28906 
