5 505.55096 503.87695 535.32574 526.3688 
5 54.123753 389.8381 80.23268 407.74167 
5 394.81558 405.09637 410.28775 420.65662 
5 127.77258 405.17126 146.86102 418.43988 
5 132.70332 428.62106 150.79689 441.15268 
5 377.26056 694.7254 394.0376 713.4085 
5 392.0553 698.6769 410.11078 715.24963 
5 48.960213 405.4569 66.66454 419.1532 
5 34.54505 331.33157 53.010986 345.0549 
5 772.6026 597.4869 786.52167 612.3061 
5 757.75726 588.6012 772.2601 602.82153 
5 429.74536 675.0468 475.47583 722.70355 
5 50.886936 484.63684 67.56357 497.77356 
5 87.515274 443.63855 108.96895 458.69843 
5 418.15988 643.0271 441.7792 666.4304 
5 193.3562 338.06805 212.16861 351.06573 
5 139.65076 423.24533 156.30542 435.01492 
5 34.062214 504.68567 51.00957 517.9346 
5 127.84507 483.36505 148.10558 498.49323 
5 346.3916 397.443 368.95758 412.20758 
5 441.44705 434.5793 455.22513 448.90683 
5 76.39171 287.31113 94.94057 299.88058 
5 80.61413 365.71854 99.977974 380.63223 
5 553.3649 492.44452 567.0147 511.57 
5 482.37463 497.3957 497.6906 510.38226 
5 61.726875 471.92075 79.419945 485.48734 
5 583.02686 500.5305 594.00525 516.9396 
5 100.72764 513.99384 118.29612 526.0767 
5 118.991875 409.5713 137.68529 422.57404 
5 169.46121 354.87814 193.0574 370.7899 
5 61.61709 298.36115 81.25013 311.91595 
5 765.7515 593.85834 779.6331 608.049 
5 131.33945 319.04263 149.27606 331.98502 
5 69.50195 292.338 87.45476 304.8432 
5 30.742638 424.57855 49.549202 438.26025 
5 673.5237 594.4692 708.17944 618.2082 
5 42.01426 412.92688 60.629066 427.0451 
5 157.28246 374.36426 174.7306 387.05804 
5 72.84607 490.72122 91.563934 503.65787 
5 631.01886 530.1992 650.40314 542.1278 
5 111.9651 424.22357 128.46666 437.74335 
5 371.19128 391.70416 384.73767 406.88452 
5 149.42969 381.92154 167.63956 395.5668 
5 185.35393 371.6945 205.92857 384.82053 
5 668.6085 536.1498 683.166 550.2617 
5 68.87697 257.62454 86.86008 268.98947 
5 79.82626 454.78802 97.925934 466.41138 
5 7.0823164 449.4188 24.290031 462.47824 
5 20.281277 514.9301 39.812332 529.4239 
5 161.91568 450.8441 178.64664 463.08054 
5 71.522446 380.72202 88.745865 392.9774 
5 81.01621 279.83533 101.590904 293.33923 
5 8.007967 526.66077 26.063314 540.30115 
5 72.94236 546.54895 91.071236 559.2516 
5 21.369747 594.9639 38.94459 607.028 
5 144.75436 415.9803 162.0318 427.6822 
5 54.91053 262.5325 78.80663 276.99265 
5 111.02109 364.97046 130.79778 376.69482 
5 92.32531 519.1909 110.80515 532.2853 
5 99.39097 349.35202 118.21035 363.1127 
5 379.24353 394.8535 392.59058 410.80533 
5 99.94768 434.2811 117.764435 448.19357 
5 750.26434 583.89105 764.5927 597.7697 
5 358.38705 717.8939 378.10965 733.7068 
5 100.38684 379.35107 117.19934 391.27362 
5 735.395 574.9253 748.50085 588.9169 
5 135.9853 477.12344 154.32817 489.97757 
5 327.9701 387.2914 344.4447 400.0585 
5 173.56589 383.65942 191.1847 396.9112 
5 92.90114 385.93024 110.08922 397.7705 
5 86.96065 392.24896 103.29668 404.70618 
5 106.22486 506.67087 124.43456 518.9248 
5 159.95222 315.77927 175.9749 327.9738 
5 64.54743 550.85126 82.92878 563.04913 
5 612.1632 509.1213 623.33875 523.88855 
5 156.03308 457.82498 175.15079 470.6934 
5 157.6885 402.7108 175.51285 414.9811 
5 47.44501 311.6292 65.98133 325.7516 
5 35.962425 531.4869 56.554184 545.039 
5 36.18038 583.4978 51.50615 594.4232 
5 142.36307 470.10767 161.21756 482.80463 
5 58.513847 556.8332 75.13804 568.9604 
5 49.75864 515.59283 68.00871 528.7746 
5 42.650272 523.138 59.30852 534.85284 
5 418.7341 419.91678 432.62283 433.69522 
5 780.6942 601.9621 794.39954 616.71027 
5 694.7637 551.32874 708.8467 565.1931 
5 162.95316 365.48187 182.38431 379.53772 
5 103.464745 458.24792 122.65159 473.28204 
5 13.071711 604.75653 31.898718 619.5207 
5 590.5449 502.67612 603.31445 520.09534 
5 624.2985 548.54913 644.5765 561.7254 
5 659.44354 530.5693 674.51276 545.38275 
5 120.02202 358.50635 136.79921 369.18604 
5 121.46913 440.8864 138.69936 453.27142 
5 42.74945 491.15692 63.375145 506.28894 
5 471.54886 506.0545 486.14023 519.7237 
5 16.826351 436.76233 35.08149 449.95868 
5 80.48334 484.24326 98.34003 497.10086 
5 355.5762 382.6414 368.6379 396.9517 
5 94.454315 356.5918 111.07893 369.4889 
5 457.83524 441.62384 470.8066 456.93335 
5 125.60356 350.71387 142.11696 362.53064 
5 481.9173 456.6463 495.62158 471.84613 
5 345.1376 754.27747 359.15158 769.68176 
5 483.78528 610.95526 497.68048 624.94037 
5 27.828001 588.85187 43.73379 600.1268 
5 562.3517 497.1239 577.78455 515.1628 
5 677.64746 541.1518 691.901 555.15106 
5 186.19453 344.15137 203.95348 355.50983 
5 10.117365 558.1356 26.522722 569.5868 
5 149.1166 463.9092 167.95946 475.95938 
5 76.07245 535.32135 98.05463 550.96075 
5 262.64328 324.9096 276.8378 339.2403 
5 321.90942 416.2689 337.80762 429.72855 
5 341.64978 371.95554 356.07477 384.91238 
5 86.45097 525.91504 102.63466 537.72485 
5 141.562 334.14435 157.82036 345.91138 
5 519.9121 478.74698 534.91406 493.34262 
5 42.07268 323.54523 59.611965 335.47955 
5 114.499054 278.00845 132.42238 292.33774 
5 333.1321 369.73383 345.01968 382.22278 
5 66.8198 496.93558 83.634254 508.11307 
5 180.91747 351.44583 198.85164 363.12155 
5 411.54974 414.17294 425.24316 427.70706 
5 490.2226 460.15714 502.71796 474.619 
5 1.7455397 532.5124 20.156761 546.9196 
5 20.974644 545.25055 38.630005 557.455 
5 12.819184 519.12695 31.805767 533.1957 
5 782.4786 748.15845 798.1292 759.79895 
5 105.95703 343.54623 123.24777 355.84384 
5 139.64725 393.3559 156.64584 404.9936 
5 391.14978 438.4406 407.05878 450.15808 
5 474.52103 594.0316 494.936 611.2728 
5 319.6881 358.33917 333.33435 370.9248 
5 351.47565 725.4929 367.31543 737.9728 
5 363.1953 388.50967 376.29773 401.96445 
5 118.60727 332.01904 137.16977 343.03864 
5 52.08541 562.91187 68.381226 574.27295 
5 114.57643 501.3193 133.84811 514.4655 
5 22.13963 429.44177 41.588665 443.07727 
5 264.10745 379.4738 277.9385 394.09042 
5 601.8816 505.58432 612.5383 521.9945 
5 132.93152 341.3814 150.52768 353.5564 
5 92.900856 470.87625 109.298805 482.80722 
5 541.38245 490.31454 555.2599 505.4407 
5 114.951706 446.54657 132.01314 458.55292 
5 787.51917 604.4373 799.97754 619.46 
5 119.171906 492.03317 139.5073 507.13522 
5 151.28564 408.9845 168.47174 420.93646 
5 648.0854 571.81384 661.1746 584.432 
5 127.25345 434.7622 145.15012 447.32965 
5 474.51352 452.6714 486.692 466.3181 
5 26.974352 539.0063 45.38024 551.5744 
5 15.224507 551.07043 32.51151 563.2943 
5 111.11074 336.89706 129.44629 349.24606 
5 45.899437 569.1572 63.00152 581.0669 
5 252.09306 363.10687 268.7757 379.25073 
5 0.001742363 619.51685 16.15683 630.8783 
5 122.426346 323.8985 140.70686 335.98267 
5 532.0405 485.13623 545.0475 498.06006 
5 450.2884 437.36835 463.14362 451.90936 
5 742.1709 579.2349 755.7212 592.6557 
5 703.13617 554.6167 716.1977 567.8469 
5 6.596533 612.62555 25.715994 626.482 
5 41.370167 576.7382 58.385754 588.9598 
5 347.55215 378.04636 361.29312 390.7335 
5 61.78067 502.1326 78.78056 514.7034 
5 98.28042 464.56244 115.95515 477.94427 
5 110.190315 452.16016 129.69353 467.04865 
5 511.53897 473.55624 525.3221 487.27628 
5 557.4982 526.6686 574.83246 542.2991 
5 163.7055 395.0359 180.07101 405.99756 
5 717.6274 566.4107 730.7933 580.27216 
5 452.6659 493.09204 470.15686 503.40784 
5 355.82135 417.35034 372.0741 431.40778 
5 91.71498 276.52048 108.341156 287.36935 
5 392.86194 748.41974 415.30505 762.3162 
5 286.64307 339.8039 299.16748 352.5595 
5 467.06067 448.21143 478.41797 460.9889 
5 148.29239 328.11975 164.27008 339.26068 
5 324.54703 767.5269 339.35605 780.44855 
5 511.70233 493.36053 528.1126 506.52185 
5 297.26767 377.06122 318.80826 387.41498 
5 3.639104 563.6963 20.987701 576.1465 
5 710.33997 559.4189 724.29297 574.03046 
5 621.395 513.47485 633.20703 529.4763 
5 403.5013 410.15674 417.24356 423.40674 
5 309.9474 404.66284 321.8509 416.48163 
5 379.45926 449.61664 393.89273 460.75494 
5 153.20412 321.11502 166.77467 331.16672 
5 271.56036 329.85382 285.7743 344.38458 
5 686.6655 547.5671 699.75745 561.14044 
5 572.16 499.41037 585.21356 515.9384 
5 254.04947 320.48242 268.41196 333.77728 
5 332.1549 420.81094 347.6339 432.78983 
5 665.00415 584.5075 678.9768 595.8785 
5 280.45773 336.11673 292.95108 347.981 
5 169.01218 520.01245 188.9653 532.2876 
5 432.8584 429.88556 446.4063 444.09192 
5 299.00928 349.7185 312.11084 364.78876 
5 324.94357 362.5889 338.43076 376.5231 
5 308.48175 354.42722 322.63953 368.79794 
5 727.558 569.43195 740.8202 584.04816 
5 187.84819 503.572 207.95305 516.42523 
5 785.5142 659.52527 798.44135 674.01624 
5 316.5795 409.9411 329.993 423.08447 
5 293.0851 345.48044 305.46262 358.9011 
5 365.0328 710.1981 381.42667 726.24634 
5 387.4423 398.93326 400.52615 415.71695 
5 427.3671 425.25964 439.98856 438.4737 
5 182.70511 484.52402 204.08221 500.51437 
5 55.58264 507.59744 72.18448 519.883 
5 41.13231 629.9592 56.535088 648.2772 
5 0.0 548.0282 9.647643 560.7023 
5 507.0533 550.007 529.4089 572.7802 
5 175.36101 512.40326 193.4514 524.055 
5 84.33346 475.096 99.44965 487.12347 
5 787.10187 740.6151 799.57306 750.50073 
5 496.733 464.8338 510.3262 480.27728 
5 129.58505 562.17096 149.26633 575.7078 
5 657.6183 578.081 670.7129 589.5003 
5 0.573267 630.9263 10.332963 640.3462 
5 499.08392 521.257 525.12067 541.0926 
5 46.78318 636.14905 63.695984 656.35864 
5 386.7239 756.5109 406.455 769.21796 
5 99.139786 583.58795 118.17844 597.42975 
5 429.81433 427.3726 444.09705 441.57712 
5 0.46838474 577.69714 10.691575 587.55566 
5 631.77625 515.07294 642.55066 528.4362 
5 300.47537 397.57474 314.03323 412.77518 
5 505.38956 469.12482 518.85016 483.63824 
5 131.82147 550.46655 146.11853 561.041 
5 160.51459 264.88586 211.16214 299.54102 
5 725.51196 621.57684 737.61633 634.1884 
5 748.8029 785.98987 773.60565 800.0 
5 478.50247 511.25168 492.29404 525.8107 
5 0.97622395 571.1913 14.72324 581.1024 
