5 477.8033 640.51306 510.45908 656.5989 
5 616.0032 721.30206 634.65186 734.0351 
5 765.06366 732.61346 797.96625 745.6562 
5 82.72818 242.9948 97.36241 262.63583 
5 587.71313 673.6839 597.05383 690.2817 
5 206.61293 567.77545 223.99675 576.05084 
5 92.88696 256.14658 107.00328 273.68192 
5 576.06464 695.6485 589.7325 710.5605 
5 15.134652 544.76404 31.491882 553.6787 
5 572.78094 679.11755 581.6994 693.0354 
5 67.942154 306.76038 81.629456 324.0393 
5 143.82314 549.12164 168.42052 559.2509 
5 659.52185 612.8607 677.4081 622.49634 
5 81.47433 525.6725 91.47918 543.29004 
5 294.79318 35.699352 309.5403 61.565907 
5 41.722538 315.74567 59.34457 341.20538 
5 571.0454 661.6706 580.4657 676.96295 
5 295.18994 8.808457 306.7741 25.260891 
5 287.87256 3.4912858 299.3817 17.622934 
5 631.4041 612.46313 648.44257 620.8655 
5 269.70963 51.197372 282.77145 69.96927 
5 105.08296 274.42313 127.42134 283.37253 
5 91.62961 227.47563 105.48732 243.27696 
5 259.28897 85.25265 270.17587 99.849815 
5 70.39756 241.91145 81.588524 258.3979 
5 104.3573 283.49133 128.1842 293.89026 
5 72.80495 326.9603 86.674866 341.20462 
5 95.07364 291.95914 124.76222 304.71744 
5 235.01022 139.72745 253.08017 172.3003 
5 98.425095 303.89255 118.89703 348.19492 
5 81.21324 299.97113 93.173965 318.24554 
5 108.60698 265.90515 130.87123 274.6233 
5 84.29611 271.37155 98.15648 291.98532 
5 0.18732524 472.49774 4.831661 488.01666 
5 100.83984 530.2214 111.79324 549.75507 
5 613.41736 619.16095 641.86304 628.38116 
5 30.152945 343.89505 44.18516 362.4858 
5 123.97315 241.81165 142.1857 270.49933 
5 14.948759 386.16705 33.87873 405.46405 
