5 674.8698 270.00937 730.61115 297.67166 
5 185.2591 517.13165 215.104 546.3294 
5 102.91084 204.9962 117.54454 229.6939 
5 122.64471 547.89386 140.38412 568.7424 
5 355.44986 354.7888 388.8287 375.73685 
5 758.3277 554.80994 776.4825 595.0471 
5 695.69604 102.3328 714.5148 142.01027 
5 349.18246 683.246 371.77078 706.11255 
5 702.4574 141.99689 719.7263 180.87048 
5 726.7952 326.86493 745.1993 369.11536 
5 527.7779 401.64215 540.62933 418.6969 
5 21.252695 687.9217 33.21246 707.6995 
5 707.1492 179.16187 724.2665 213.10498 
5 481.38367 150.25075 494.29938 165.38057 
5 588.889 281.55264 609.955 293.23166 
5 691.34033 66.46301 708.9783 104.45413 
5 765.2242 593.59375 781.9051 633.6372 
5 314.00858 394.6597 330.4307 406.18246 
5 245.5231 460.7612 262.597 473.0082 
5 774.49445 213.15263 793.0712 224.20564 
5 148.46683 569.808 160.49112 584.4153 
5 431.9631 378.621 450.02628 389.40927 
5 650.67334 468.1713 665.4348 479.728 
5 420.4405 45.28514 432.56445 58.679497 
5 698.3762 242.2317 714.5608 252.68983 
5 483.39816 313.15256 500.74765 323.77762 
5 495.99167 355.73218 512.5281 366.40063 
5 357.16315 412.84644 373.65527 424.9682 
5 32.606647 778.8049 43.457493 792.9036 
5 751.12384 520.2882 770.3166 557.3301 
5 42.106846 747.1804 52.44273 763.4042 
5 290.60733 432.65024 306.23776 443.10312 
5 70.21673 657.6106 81.51415 671.05286 
5 169.31476 494.73663 182.82831 509.13965 
5 377.09567 11.86236 390.04715 24.957323 
5 52.578423 471.8552 63.204712 488.41208 
5 127.63102 162.051 137.37144 177.49496 
5 168.96423 535.46594 182.46082 549.1979 
5 639.75714 634.59247 657.6973 643.37946 
5 784.73474 119.417435 794.4197 135.66316 
5 138.8322 36.558666 148.5865 52.751957 
5 463.8008 115.21793 477.47604 129.36237 
5 125.85355 98.820244 135.66199 113.94744 
5 515.599 393.60025 526.9581 408.9659 
5 637.24896 664.55707 654.1646 673.12836 
5 592.0025 312.5744 608.10724 323.9452 
5 70.54857 695.82904 81.0224 709.87115 
5 72.65695 779.92126 81.827866 793.41516 
5 375.38562 389.3242 392.67108 400.053 
5 778.72955 693.0425 794.4814 731.67053 
5 783.72595 741.5872 799.99817 794.42096 
5 747.8197 480.50293 764.05176 521.90564 
5 693.903 36.786625 710.94696 46.44427 
5 135.64397 123.88514 145.85313 138.8114 
5 462.94016 535.81506 477.19827 549.65796 
5 80.65083 385.85727 90.64844 402.6956 
5 575.4785 752.0083 591.47754 760.3125 
5 674.6819 570.5348 683.87085 585.7291 
5 29.97431 547.6907 43.827164 560.72 
5 307.55978 720.6864 322.49844 734.25024 
5 625.9243 777.87854 635.4492 791.99927 
5 414.9025 372.3713 432.01126 382.08798 
5 116.655594 670.2267 128.3697 686.51086 
5 118.94209 634.8254 128.2628 648.2376 
5 55.120586 707.1545 65.59824 723.0528 
5 294.32297 755.9906 306.38046 767.7788 
5 20.055946 639.11035 30.948326 654.81934 
5 504.33398 314.2273 521.49963 324.97516 
5 497.37564 151.97183 509.63974 166.57074 
5 461.8023 357.26273 476.15967 366.30112 
5 685.2572 628.94196 693.7023 642.5567 
5 686.6118 614.26587 695.54675 628.85657 
5 656.54553 277.79446 674.75916 288.0798 
5 12.751454 592.5974 21.973633 608.2346 
5 771.24426 634.9922 788.3373 682.07983 
5 723.6453 297.52432 740.99347 330.2402 
5 682.88184 652.47034 692.54443 665.9929 
5 728.29425 463.2776 741.77875 486.8236 
5 731.0942 253.38928 745.47906 262.1631 
5 5.3491344 0.67710733 25.453308 9.203175 
5 684.9705 600.99384 694.1285 613.9527 
5 573.28735 758.011 586.48706 766.5055 
5 610.3667 652.10236 615.6929 663.64325 
5 670.41797 0.301116 678.82446 13.243923 
5 684.4826 1.1031957 695.627 17.087202 
5 573.0627 762.6571 587.8858 770.874 
5 565.6528 1.1581533 584.58636 7.9571333 
5 613.0643 653.22095 634.11664 662.20386 
5 41.45654 590.7203 50.061672 600.90424 
5 735.0712 523.8395 746.3365 543.63745 
5 623.38367 792.0425 633.7577 799.9022 
5 12.358042 579.93396 24.244791 606.2218 
5 738.4756 547.7249 748.4888 570.43634 
