5 607.1527 453.4349 619.8529 469.30032 
5 622.3157 736.4863 635.8712 752.17444 
5 335.31567 391.20255 371.47925 405.233 
5 357.41617 473.39398 381.06772 482.6803 
5 293.63327 317.4274 307.16 332.42862 
5 336.9122 402.81177 378.2726 418.93323 
5 238.3196 137.62195 250.67458 153.63217 
5 516.62006 113.47839 529.26447 130.81363 
5 214.02832 20.858503 226.72742 35.29249 
5 186.40541 505.7465 209.7718 516.08057 
5 6.1501055 361.91922 18.228363 377.79538 
5 429.83145 461.5015 449.73502 470.61588 
5 8.683951 377.6521 21.521935 391.57812 
5 347.1599 414.67572 381.3778 427.01727 
5 290.92645 301.60898 304.75183 316.51797 
5 679.83984 782.0134 697.83704 791.2146 
5 236.59583 119.10821 247.28995 135.32465 
5 572.7747 277.336 583.6181 291.18384 
5 288.38684 284.51968 301.37592 299.3425 
5 707.60455 763.40717 727.74677 773.25226 
5 326.57108 438.75204 340.03635 456.32895 
5 366.44193 455.50314 378.25406 470.046 
5 435.4269 82.89895 455.16476 91.70962 
5 321.0175 421.95724 334.35934 436.81735 
5 228.12373 79.213905 238.52336 93.52129 
5 2.3937793 327.0259 15.780937 342.74893 
5 124.96765 424.56543 161.67484 437.22888 
5 248.79175 366.1704 267.6582 374.75433 
5 381.79932 452.76743 394.54175 466.9434 
5 223.9311 60.585987 235.64348 78.590096 
5 217.68823 36.10122 230.42325 50.182243 
5 607.57104 706.7377 618.8562 720.7324 
5 162.89781 244.71046 184.89922 253.42177 
5 280.1422 254.10472 292.69153 269.11533 
5 238.88672 238.07402 259.79092 246.53194 
5 747.441 760.2294 786.38214 781.5748 
5 12.36917 391.62677 23.698532 404.35046 
5 208.61775 240.54395 230.83672 250.02805 
5 571.7235 364.13495 594.50854 374.25763 
5 297.5692 333.09442 311.38513 348.96185 
5 0.8351712 308.5515 8.983719 325.64386 
5 760.5067 777.29694 799.99097 799.90204 
5 133.31625 247.70386 152.46704 255.31284 
5 357.42502 482.93964 367.22128 496.20984 
5 0.12203908 293.10187 4.2480927 306.5285 
5 179.95232 424.74918 201.34422 433.7983 
5 0.2717228 374.9226 6.823822 390.3451 
5 0.37686133 388.21344 6.387354 401.38202 
5 0.5666671 421.455 9.61849 433.666 
5 226.88309 65.43038 237.22055 79.79406 
5 631.8249 790.12897 652.0932 799.93695 
