5 529.0176 328.89084 547.20337 347.81375 
5 447.89075 280.85532 460.02148 297.86935 
5 467.3771 319.39413 475.71494 336.77426 
5 460.06204 282.39523 472.96408 299.00333 
5 409.90863 281.5568 424.84796 302.38437 
5 761.3375 757.9304 774.97314 774.9347 
5 440.49573 317.27747 452.3703 334.38165 
5 448.20557 225.26723 461.4267 239.39424 
5 416.393 316.03674 429.29858 331.8753 
5 486.0126 282.15472 497.6851 298.05737 
5 732.9115 233.7117 746.9319 249.64322 
5 777.92084 377.58215 789.44574 394.7426 
5 32.57747 388.94775 44.298187 403.85895 
5 132.42044 676.1768 155.52164 685.9576 
5 117.9871 300.70682 140.52997 311.4689 
5 472.72775 282.49026 485.5472 297.9213 
5 629.72876 623.9269 652.6033 632.62415 
5 111.832985 381.40143 135.29588 389.39996 
5 275.41663 672.77704 298.07086 681.3792 
5 638.7332 347.78265 661.56744 357.61865 
5 270.3829 711.27576 292.00424 721.01184 
5 320.94208 360.372 344.52417 371.0841 
5 163.486 482.59708 196.33774 493.58908 
5 109.472626 397.20197 131.63828 405.24518 
5 603.9713 354.28113 626.8815 363.97455 
5 264.04123 172.53528 284.4711 182.27936 
5 172.21155 462.55884 194.47287 471.06354 
5 36.784863 372.79385 48.151722 388.40176 
5 110.14301 389.67645 133.53723 396.9585 
5 175.43153 588.0895 195.94868 597.5116 
5 781.6058 348.3833 794.5616 366.93494 
5 427.9833 259.64536 438.6741 274.86398 
5 252.84709 186.7086 275.8786 197.34914 
5 335.856 403.01685 358.1749 410.96967 
5 48.870308 41.557137 59.080505 58.61197 
5 1.9299879 152.7218 15.25336 169.53922 
5 228.9914 144.66049 254.70438 155.2207 
5 112.01527 372.9519 133.9211 381.12354 
5 273.25992 690.99976 297.0695 702.4612 
5 451.1664 260.7789 463.34946 277.65244 
5 265.3565 761.6811 285.91266 770.5433 
5 44.475643 387.6869 56.83093 403.0746 
5 538.59296 619.53516 561.86676 629.04785 
5 329.76276 468.80362 350.03027 476.67807 
5 491.01733 318.9649 501.25336 335.9558 
5 567.5322 620.3011 589.4365 630.14264 
5 336.7792 411.66196 357.89572 418.86197 
5 759.9776 776.58673 770.72894 792.6788 
5 436.36145 280.67175 447.42773 298.0567 
5 184.58926 397.9214 203.18903 406.59576 
5 421.99814 616.8099 442.88132 626.25824 
5 1.3624353 347.02704 23.245499 356.6958 
5 258.2327 180.07901 278.26993 189.60568 
5 453.5539 318.40866 463.59448 334.02017 
5 333.66116 434.75406 357.83768 443.20535 
5 777.67206 701.22595 791.5616 717.6924 
5 30.405315 422.42996 44.56766 439.54642 
5 8.5815935 422.86536 20.191227 438.64075 
5 242.05183 267.56552 254.92412 282.9683 
5 177.23393 579.02106 196.65508 587.2475 
5 332.30664 451.93164 354.38348 460.16534 
5 3.4211688 369.3115 13.402679 386.18802 
5 28.603603 45.551083 39.294147 60.764614 
5 132.98764 126.636375 142.06549 140.7497 
5 282.96106 493.98788 295.4406 508.4473 
5 293.67877 411.3382 303.9132 427.28888 
5 708.6871 323.7479 727.67096 331.9324 
5 166.9359 473.2799 193.04622 482.64447 
5 478.1252 318.18893 487.51596 332.18607 
5 438.4917 194.35417 455.62616 210.8632 
5 336.6629 419.5948 358.04736 427.26398 
5 331.61014 460.6771 350.3798 468.44357 
5 127.596405 149.26852 138.57947 166.70792 
5 42.48903 337.18793 52.697853 351.73395 
5 404.75333 316.14816 416.42075 330.2059 
5 146.56546 200.46523 157.15533 217.06636 
5 0.4440093 387.19003 9.677639 404.23087 
5 96.806915 742.292 107.43158 758.71655 
5 143.80608 224.92322 155.11403 239.81985 
5 459.31445 223.29285 471.61993 236.09506 
5 429.01572 316.47708 440.01883 330.28622 
5 0.9053726 283.00195 22.347567 292.99567 
5 329.0504 476.7359 349.5161 484.13123 
5 20.993288 424.29666 30.299398 438.84885 
5 24.704521 370.78342 35.203423 386.3928 
5 334.18512 443.17334 355.1269 450.7801 
5 335.79135 426.875 356.46457 434.48486 
5 698.9067 129.59105 718.7586 138.93965 
5 228.40419 159.95262 249.57152 170.0099 
5 125.00439 169.13148 135.73666 181.9576 
5 0.3463893 753.80426 7.969684 769.23395 
5 223.00858 168.1321 240.29788 177.45729 
5 416.23892 222.69263 427.07706 237.60461 
5 184.45547 388.0749 204.72327 398.43024 
5 330.27286 492.76138 348.27646 500.66537 
5 330.2946 484.5174 349.55527 491.89197 
5 129.10333 105.65386 153.88223 115.67222 
5 448.95135 210.44789 463.2207 222.69154 
5 121.89638 136.49768 131.60417 150.44147 
5 233.50304 136.9599 255.22005 145.89362 
5 336.1221 406.60675 358.08847 440.3828 
