5 93.865616 525.92017 109.61401 568.91235 
5 416.77084 254.08592 451.33853 266.21103 
5 193.91548 447.52148 218.90816 457.5158 
5 648.36835 230.83124 661.5417 257.47046 
5 644.8036 401.9811 664.36365 415.78177 
5 166.04881 60.00911 179.67903 79.32893 
5 224.00107 449.853 244.64932 458.54868 
5 152.1057 445.92587 171.1299 454.53574 
5 378.42715 431.76443 388.62808 450.44406 
5 510.3429 278.85468 524.6123 293.31836 
5 642.66455 640.7875 659.92334 649.0775 
5 297.9891 248.57379 314.98508 256.81314 
5 546.7147 78.1652 567.318 87.53933 
5 210.93913 55.521523 234.62764 65.429146 
5 90.20171 223.23927 99.37786 239.78148 
5 62.91098 321.17203 80.70038 330.63876 
5 639.6866 613.1782 659.2153 621.0812 
5 49.813465 442.0857 67.21083 450.47333 
5 462.06555 780.5833 481.30347 789.64777 
5 645.7928 488.8759 661.8206 496.3372 
5 121.60536 41.442448 139.83409 49.69363 
5 622.32306 478.21234 632.3288 495.7661 
5 643.04834 1.4703841 651.89185 15.832375 
5 632.1646 244.00291 642.19525 263.33237 
5 0.39696217 440.24017 14.260114 448.15576 
5 480.40833 276.81802 493.97852 290.36575 
5 265.97467 451.60583 281.89917 459.66498 
5 680.8718 468.14774 697.5973 476.05582 
5 375.29977 265.75537 393.65335 274.8092 
5 159.67104 41.175694 174.47636 49.972477 
5 395.65225 249.9371 408.19034 263.84714 
5 593.8806 267.57083 622.83057 279.3257 
5 281.54117 68.28599 319.02426 81.36112 
5 388.67035 568.4264 398.81628 584.3729 
5 506.004 56.30019 523.26556 64.975464 
5 642.4258 573.5703 658.8097 581.3125 
5 636.1298 746.0667 655.58136 753.88385 
5 643.0748 649.1451 660.04126 657.382 
5 101.989784 664.6466 111.13328 683.3137 
5 641.9672 581.48566 658.7614 589.47626 
5 366.0978 273.1798 383.45023 281.3711 
5 395.6108 202.40875 405.3575 218.8887 
5 470.96686 255.39745 488.33246 263.8837 
5 109.82931 444.6106 127.07549 453.14514 
5 611.4563 497.20853 620.38293 511.57773 
5 701.0081 54.48208 711.01874 69.96952 
5 141.06258 41.336006 158.55586 49.113693 
5 4.2248173 460.81622 28.530699 470.24695 
5 211.3217 243.71991 232.35625 253.61362 
5 383.92667 311.57974 393.3881 328.8378 
5 418.79395 10.401964 428.3158 27.285353 
5 580.5568 464.71222 616.31744 476.06927 
5 641.43866 76.734406 650.3499 92.777664 
5 324.1097 249.93887 343.58182 258.49194 
5 395.30087 25.938944 404.6146 42.657043 
5 364.59247 745.5731 373.27594 763.09814 
5 68.33312 393.9797 80.817085 401.36453 
5 19.48705 441.59308 38.881783 450.41663 
5 337.54898 454.07104 353.72708 462.2223 
5 603.5504 765.7136 613.958 781.2832 
5 98.07691 482.04932 107.50916 498.25653 
5 82.66937 732.1344 92.17503 748.31116 
5 642.4702 631.522 658.693 640.05115 
5 428.86917 275.2954 448.869 285.64526 
5 597.46375 724.7816 613.2822 732.4071 
5 641.7934 28.60057 650.34735 43.300285 
5 99.10123 240.05629 128.85648 250.91597 
5 613.6693 386.95514 624.19714 406.59766 
5 167.6323 477.42215 183.07263 484.23392 
5 83.172516 774.4596 92.23773 791.4546 
5 563.2553 260.21317 580.3836 268.69595 
5 390.45367 185.97472 399.3689 201.92998 
5 380.82587 356.99008 391.07452 374.53403 
5 75.07385 475.7771 83.757904 490.8202 
5 662.5354 489.38745 676.65076 495.42896 
5 649.39655 81.59372 658.8691 97.94052 
5 82.22747 698.2521 90.74236 713.54944 
5 530.4792 78.71206 544.399 93.108025 
5 603.5826 782.3748 612.46747 797.7099 
5 102.37666 628.34375 111.60434 645.6587 
5 628.61816 138.02141 639.3203 156.58784 
5 78.418625 638.8661 88.39357 655.6703 
5 679.609 59.949226 698.81055 68.86428 
5 95.794174 377.59 104.1187 392.49423 
5 558.23846 59.4013 571.85187 66.58737 
5 490.23602 55.669388 505.61517 63.804688 
5 344.76392 50.93273 360.13788 59.12195 
5 403.86234 378.14496 413.09262 396.40497 
5 633.89996 529.67664 642.70013 544.95496 
5 77.15492 537.3225 86.01016 551.0875 
5 77.98014 582.2862 86.40203 596.941 
5 77.53952 551.8884 86.37508 564.6289 
5 385.69086 746.7555 395.64484 764.0753 
5 307.2053 48.80917 325.23068 56.996746 
5 390.8337 413.55106 404.84586 428.29813 
5 609.2113 592.2052 618.29956 609.12305 
5 626.7539 176.38718 637.57886 197.00122 
5 518.38293 518.1183 525.41895 531.36 
5 63.32003 174.60884 76.80189 195.88124 
5 449.0573 277.279 463.78375 290.44977 
5 168.61188 468.61017 188.46548 477.30237 
5 371.2478 605.4156 380.64417 623.9661 
5 607.7482 649.12134 616.5776 663.6455 
5 641.4376 685.71533 658.3253 693.3971 
5 282.9339 451.61734 297.61432 459.90305 
5 122.833595 60.295544 135.14107 74.73242 
5 776.8159 61.47297 793.98645 69.87954 
5 666.43195 8.555254 674.9444 23.17142 
5 645.293 113.163475 654.28656 127.54269 
5 175.58342 42.667725 191.44527 50.939575 
5 585.3486 79.99566 602.247 86.87063 
5 639.727 670.64197 656.5817 678.80493 
5 555.0058 462.93546 574.597 472.85703 
5 642.16736 620.66833 657.76526 627.5996 
5 348.06943 272.33575 366.39456 282.03564 
5 756.14557 471.20667 772.9001 479.62445 
5 133.07565 446.43124 152.17258 454.23483 
5 193.22531 42.552063 209.57068 51.561226 
5 629.03455 156.73573 637.9563 172.07127 
5 194.25476 67.15117 202.40933 81.04961 
5 615.3468 355.05246 624.83105 372.85812 
5 88.549194 591.8108 97.92117 607.9866 
5 325.43954 269.76337 343.00797 277.40662 
5 152.39166 468.75836 168.76498 476.40204 
5 93.38507 297.00732 101.2345 312.38257 
5 641.9649 519.32764 659.18304 527.577 
5 395.8139 552.03406 404.78137 568.1831 
5 640.618 678.3473 657.00885 686.28906 
5 78.85294 656.1928 88.34011 669.8664 
5 614.5767 449.82635 622.86884 464.38275 
5 408.6076 236.38678 417.67078 250.49673 
5 641.2624 660.5571 658.3547 669.8323 
5 413.46408 126.06731 424.05344 145.32262 
5 374.21085 531.7472 382.85623 545.9363 
5 100.731186 582.42114 111.1599 599.4252 
5 380.34274 377.20386 390.05856 393.36658 
5 650.9948 21.430319 660.5992 38.09677 
5 610.5871 530.6839 619.22943 546.5002 
5 627.30133 196.0352 636.45416 211.4669 
5 325.3262 49.17434 342.21182 57.501373 
5 642.97046 527.3416 659.07874 536.62897 
5 661.453 468.88284 677.51245 477.30667 
5 509.84717 461.77032 526.7472 470.3733 
5 147.09361 587.0888 156.18645 601.5208 
5 571.3109 557.2119 579.31726 570.81396 
5 344.63586 249.40515 361.065 257.40085 
5 608.63434 60.39622 623.5915 67.212746 
5 731.8713 83.35763 739.70526 95.56263 
5 640.1743 604.21954 657.3429 612.3354 
5 368.39093 665.9651 376.58698 681.00073 
5 641.3661 511.90076 659.10974 518.79663 
5 399.2548 507.09866 406.97873 522.02374 
5 36.744102 580.62964 52.96289 588.22546 
5 337.30356 258.3259 353.69772 265.86942 
5 609.5633 549.807 618.69073 565.702 
5 666.2907 23.377394 674.90826 38.494102 
5 136.42484 467.8462 153.13339 475.45563 
5 392.1156 138.43124 400.85907 154.6735 
5 633.2999 781.42566 654.3047 790.6211 
5 784.1726 467.24133 794.14966 483.0066 
5 614.53687 432.54034 622.9426 447.4284 
5 373.60843 546.434 381.83218 560.9495 
5 368.17426 681.89124 375.38403 695.2615 
5 259.78668 66.75074 269.44867 82.69485 
5 405.62994 359.49103 415.4281 375.83777 
5 73.12855 379.75638 80.06858 391.13492 
5 93.80472 349.36407 107.01492 356.5829 
5 612.4065 513.212 620.81177 527.05316 
5 250.9882 448.87674 265.35394 457.0209 
5 80.89312 680.87726 90.07746 697.836 
5 65.49916 416.71024 81.18976 424.64572 
5 249.21622 67.84001 259.40332 83.59961 
5 420.10886 28.129517 428.5627 41.79863 
5 607.9013 621.4234 616.71124 636.20526 
5 0.8627548 127.03067 16.69992 136.03119 
5 699.7353 468.7656 715.6263 477.47025 
5 646.339 374.33176 660.9498 382.34708 
5 601.1767 286.4469 617.23566 294.9914 
5 596.12256 734.45276 612.8789 743.8705 
5 675.8288 286.59683 691.643 294.65677 
5 73.88389 626.5847 88.748314 634.12695 
5 0.20809698 640.20685 9.070812 654.3295 
5 76.73818 501.90652 84.95135 515.99835 
5 66.11052 411.00723 82.37381 417.77176 
5 86.68062 141.93286 99.97362 149.2074 
5 532.1542 271.96268 547.4503 280.70828 
5 67.34492 402.34656 82.149055 409.0326 
5 369.307 650.90234 377.6385 665.29456 
5 376.86868 492.12646 385.93863 510.24274 
5 57.734318 53.70334 71.51876 62.016495 
5 609.4536 608.8065 617.84094 623.49805 
5 210.5248 65.22478 239.19539 77.096466 
5 375.2387 513.16156 383.8761 529.3559 
5 646.64624 496.8967 662.12195 504.41928 
5 592.3552 465.92615 613.20447 475.45245 
5 608.58795 663.35016 617.19794 678.6254 
5 569.1558 79.388054 584.9455 87.81031 
5 202.68356 68.47955 210.22464 81.79895 
5 76.49602 516.423 85.08595 532.1786 
5 80.13324 597.34015 90.26634 612.08295 
5 637.0533 737.7459 654.71466 746.39044 
5 664.09125 495.33777 678.2133 501.44824 
5 391.62848 633.76495 399.95923 650.8975 
5 475.87457 56.58335 490.31757 63.557358 
5 92.897514 341.5282 106.51429 349.02417 
5 459.98383 274.26855 474.48315 288.53424 
5 791.2268 653.5866 799.4514 659.6695 
5 492.74765 460.07715 508.66238 468.40387 
5 626.45245 59.646267 639.97614 66.386406 
5 177.22849 61.29908 187.45139 77.95692 
5 250.06421 267.3727 268.14215 275.09317 
5 566.2551 538.48517 575.30457 556.96466 
5 628.8753 88.81928 641.46344 113.63993 
5 648.272 276.18207 662.647 287.55127 
5 191.47774 64.98419 259.09705 81.25726 
5 654.039 384.96902 663.0821 397.39603 
5 701.1045 490.79562 717.74084 498.33707 
5 546.25494 464.6082 558.4816 472.32376 
5 604.0248 297.49292 618.9624 307.7074 
5 158.31645 60.40908 168.77739 76.60755 
5 382.23196 794.9377 393.8627 800.0 
5 591.0972 59.309788 605.904 66.17709 
5 755.9623 662.1194 769.5459 668.9353 
5 228.75089 266.66483 244.03036 274.0117 
5 98.85534 60.728252 121.946495 71.44211 
5 483.28857 789.1462 497.98376 796.12286 
5 206.62746 584.51355 227.61073 594.99585 
5 117.54457 499.63382 129.13164 518.01697 
5 275.45578 719.4205 291.20224 734.19305 
5 613.68787 411.61493 623.921 428.39172 
5 144.35393 570.54175 172.63814 581.7866 
5 643.33636 536.67236 657.3216 544.4463 
5 643.7711 552.6356 656.6804 559.1904 
5 643.02875 544.9639 657.7553 553.56635 
5 69.906075 578.6872 78.58936 594.88654 
5 764.6748 489.3239 774.28406 506.64227 
5 285.0153 246.86826 299.55643 255.70636 
5 75.373695 633.16125 89.04995 640.4314 
5 633.37756 618.2267 641.1178 632.6371 
5 643.5646 457.32404 661.7335 466.20123 
5 636.44324 698.8726 655.21387 706.9205 
5 524.89557 279.6937 543.96027 290.91843 
5 71.451584 422.61578 81.44466 437.66162 
5 239.74747 65.856445 249.40552 80.472855 
5 658.74207 80.047264 666.5847 94.89777 
5 64.68892 397.32693 84.11417 437.48654 
5 615.86676 332.9591 624.5113 350.41656 
5 366.61453 722.0596 375.83096 740.90625 
