3 286.4805 513.8038 296.47995 537.53436 
3 298.5823 513.1605 305.28763 527.28394 
3 275.23257 512.9913 284.49637 534.5246 
3 194.32335 514.16754 203.10945 532.1193 
3 0.32517242 541.2645 9.70922 553.53357 
3 14.179621 545.91693 20.89158 556.149 
3 0.46748877 499.65723 8.46483 510.4895 
3 30.864016 523.58594 39.608273 532.9929 
3 267.57364 513.29877 273.49203 526.46893 
3 322.88632 511.98087 328.65646 524.6471 
3 444.95996 572.0309 451.54553 588.2012 
3 397.52258 580.411 417.79523 589.0526 
3 0.87854576 553.7446 8.855082 563.95557 
3 315.59528 526.4935 322.6076 541.52734 
3 339.35583 515.7304 344.60364 524.88434 
3 425.4255 583.78076 434.52005 605.969 
3 356.35046 519.1503 363.80536 550.4737 
3 358.83563 572.10205 376.09076 579.2765 
3 2.812161 500.80054 11.431704 512.4421 
3 312.24564 526.2789 319.3586 540.46857 
3 312.24744 512.567 319.30743 525.7372 
3 438.17334 582.14557 443.4602 591.4443 
3 432.81458 572.85205 439.26495 583.8108 
3 0.0 540.08264 12.008145 564.4851 
3 318.9826 526.64014 324.30048 540.83826 
3 418.6033 583.1313 425.1866 597.35004 
