3 103.669174 515.26746 111.918594 525.04395 
3 173.47993 705.68243 180.23238 715.6447 
3 101.91999 657.5119 107.654594 667.7503 
3 301.53046 538.00464 307.40076 546.6305 
3 44.834137 437.99084 51.064995 446.2174 
3 200.31902 176.55801 208.0129 186.30978 
3 102.90921 130.11784 108.83295 140.09554 
3 171.61775 354.07266 176.42033 362.90622 
3 101.353165 425.49448 106.08566 434.24362 
3 386.87354 659.0381 393.05768 667.49475 
3 291.94284 231.00519 301.7455 241.5134 
3 159.83977 356.35242 166.27892 364.62823 
3 232.93758 333.75848 239.41109 339.71747 
3 149.19482 204.8949 154.70758 212.44052 
3 232.94238 332.97842 238.4957 337.5488 
