5 607.8464 119.586525 624.37823 134.81209 
5 319.49625 344.04184 334.27115 372.7133 
5 422.26852 211.0789 449.4072 239.727 
5 335.70663 340.43243 349.5234 368.68958 
5 701.02356 270.83948 717.8279 303.10437 
5 298.65283 714.7047 313.57928 745.83215 
5 466.24844 81.134476 489.42563 110.15979 
5 318.15976 416.02084 330.27194 434.78696 
5 699.07855 124.648415 708.982 142.6439 
5 269.9505 487.9732 286.2461 519.0933 
5 455.28058 167.79633 468.09363 186.58017 
5 726.42596 276.07553 742.7049 308.6898 
5 327.0641 539.2525 339.3772 558.34845 
5 270.84436 731.1821 281.79626 749.37964 
5 456.16235 351.42905 466.61 370.3206 
5 674.4504 264.67786 690.79364 295.6997 
5 330.09427 670.15643 342.24252 694.6569 
5 363.24344 491.84695 379.493 525.05493 
5 775.0414 293.9108 789.9746 323.345 
5 736.0232 677.5485 756.6581 688.0986 
5 694.6732 153.76376 710.3928 168.45087 
5 613.1823 645.9396 631.7659 656.11743 
5 669.5739 116.59493 679.39557 134.58902 
5 658.1411 51.675167 676.5399 62.032093 
5 381.76138 482.1834 393.0969 500.7566 
5 341.8075 646.56494 352.3459 664.4447 
5 223.96542 666.39124 236.34283 683.978 
5 369.42786 613.3994 388.85065 623.5532 
5 698.16956 520.559 715.8817 530.85126 
5 607.4339 93.66989 622.6651 107.76454 
5 312.75772 341.1273 324.0215 358.15616 
5 301.45886 614.62744 312.07526 633.3605 
5 408.77798 179.92445 424.8489 195.50624 
5 743.0266 181.16283 752.6366 197.9836 
5 591.6223 666.72253 609.4291 675.876 
5 235.76305 577.2024 246.74736 595.18677 
5 654.4175 81.11462 675.08154 91.94193 
5 748.1544 372.4592 762.7378 380.29764 
5 369.9847 603.40424 404.3951 616.6254 
5 626.9151 251.07591 642.11273 281.8823 
5 664.5514 302.04367 675.07056 320.43845 
5 271.03824 336.89374 288.57828 346.57965 
5 412.69803 329.3529 423.30594 348.5401 
5 773.2003 328.883 782.9634 347.8656 
5 297.8794 224.34439 317.1175 234.83243 
5 620.47894 232.07802 653.1839 248.31602 
5 762.4386 376.3361 777.9365 384.6295 
5 400.3153 426.62085 410.5323 441.8849 
5 353.1422 595.04944 363.6593 613.85474 
5 711.21533 226.984 741.5414 242.2574 
5 680.34125 129.42468 691.5701 144.95914 
5 730.2 548.159 745.59296 556.8571 
5 740.2702 721.10986 759.5528 731.3613 
5 668.498 18.669857 678.0063 36.318954 
5 321.34955 723.91547 330.6092 739.8226 
5 499.17914 79.04657 509.29895 95.1573 
5 529.3487 632.81274 548.8411 643.2195 
5 696.00543 709.83325 712.6994 718.7157 
5 261.097 526.15027 276.9851 559.0996 
5 377.97717 559.72034 412.52844 571.3684 
5 312.95486 666.87805 322.9611 683.0315 
5 677.40234 354.12265 692.5737 361.8965 
5 417.12164 415.6243 443.2146 426.25845 
5 698.84515 95.04319 719.0809 105.96534 
5 676.8072 19.514572 687.3261 37.503468 
5 394.80228 403.3589 405.59586 421.09424 
5 295.9327 637.86115 306.14218 656.43744 
5 567.2313 489.1064 583.1432 497.27505 
5 745.6225 265.6322 778.175 281.58478 
5 459.83606 228.51262 475.3061 236.592 
5 783.7085 560.63965 797.5748 568.40125 
5 761.72095 237.15912 791.80835 253.0816 
5 404.73297 453.80762 439.29645 466.20612 
5 389.47226 387.60297 400.0477 404.85846 
5 778.15234 703.32983 797.83984 713.87195 
5 633.1029 650.85394 650.8357 659.5069 
5 654.8242 268.76663 663.9204 284.70773 
5 434.68445 285.3047 442.09918 300.75372 
5 711.6506 159.66652 727.3575 173.93623 
5 376.95486 511.33746 387.17978 529.6878 
5 473.76978 122.17015 484.97693 141.6321 
5 325.92163 205.39934 336.37976 224.10649 
5 449.9172 246.99628 466.15445 255.0686 
5 361.9842 565.14294 371.82843 580.94824 
5 410.35898 387.87067 419.1418 404.60437 
5 345.34943 679.7373 362.77985 688.11304 
5 435.16226 344.1341 453.33835 352.6554 
5 388.76352 458.70618 399.28134 477.445 
5 639.0972 507.15268 654.9576 515.1684 
5 421.20956 309.78134 430.0483 326.3323 
5 659.5185 115.03676 668.68024 132.88799 
5 627.0007 8.34766 635.758 27.68195 
5 345.5507 695.72876 363.32364 704.2007 
5 418.89713 386.84976 427.71317 404.91318 
5 680.88794 491.7489 695.38074 499.8764 
5 290.3184 250.1113 310.3956 260.48578 
5 669.9436 522.61194 688.1787 531.8639 
5 738.28394 133.1383 747.3694 150.51794 
5 292.49518 283.3511 312.00824 294.37344 
5 395.91458 360.80783 405.55826 379.9196 
5 700.3335 26.8121 708.6521 41.944515 
5 446.2612 276.95886 461.72647 284.3645 
5 752.01886 697.9413 767.7956 706.5731 
5 405.22577 465.63147 423.945 474.80457 
5 347.8923 749.1045 365.84622 759.7239 
5 559.1933 632.82996 572.74677 640.22705 
5 626.80994 295.98657 634.8032 310.33368 
5 634.3976 677.93304 650.1874 686.2918 
5 765.1582 225.25377 789.52344 237.83293 
5 427.99527 765.5694 446.54776 776.0738 
5 427.16714 331.72263 434.82504 344.6207 
5 714.5163 671.20886 731.1508 679.5359 
5 757.5249 326.75717 766.2351 342.30624 
5 721.78613 84.98771 741.0785 94.08979 
5 756.93726 68.19291 773.4597 79.732704 
5 469.32812 272.28482 486.07397 280.11533 
5 757.7505 138.81189 766.40356 156.50964 
5 722.5885 161.13118 737.6896 175.9268 
5 724.33514 179.3117 733.4825 195.4477 
5 589.6758 486.14667 605.4469 494.92743 
5 407.7195 353.0704 416.95175 370.3538 
5 604.09155 498.44437 618.98193 506.41885 
5 726.54663 208.86542 745.60046 219.01865 
5 694.69696 79.03666 711.6401 87.526054 
5 714.38495 176.80931 723.6872 192.65034 
5 764.1783 44.969627 773.53925 60.40895 
5 569.4349 480.60834 586.4892 489.58014 
5 661.9838 484.9327 679.86847 494.54788 
5 337.14713 723.1473 353.60025 731.4003 
5 718.9656 130.07346 727.2091 147.10727 
5 279.50128 297.97644 298.4889 307.90045 
5 474.5529 223.21713 490.1041 231.3399 
5 574.5439 635.06104 593.97235 644.88 
5 739.6803 35.386646 749.03235 53.65843 
5 677.846 248.3992 709.481 262.83383 
5 691.38715 310.89597 700.11786 325.83383 
5 730.49506 34.71148 739.7342 51.60289 
5 542.6004 627.5047 556.8897 635.2065 
5 695.79456 683.58215 711.8865 692.87744 
5 634.86426 297.77158 643.2213 312.06265 
5 674.1341 167.84166 684.1966 184.10246 
5 482.70654 784.2166 500.46704 793.35895 
5 681.7249 309.16867 690.9152 324.65793 
5 714.49786 689.18787 729.608 696.46326 
5 471.6577 255.05785 489.9452 263.4673 
5 252.55627 574.6123 261.82788 589.6162 
5 692.29974 536.96405 705.2016 544.1539 
5 448.5173 285.95737 465.4518 293.81284 
5 436.32767 372.08575 452.51218 379.86328 
5 385.38873 537.1505 416.29028 549.0958 
5 655.29065 683.08765 671.8291 692.09326 
5 709.8362 127.88337 718.7462 144.25778 
5 517.0717 665.7086 535.1014 676.13135 
5 416.48978 360.68173 425.77652 376.2319 
5 715.64166 31.0714 724.69196 48.074062 
5 775.6062 532.02594 792.1455 541.3525 
5 734.14594 181.14467 743.262 196.75755 
5 487.65845 42.764782 504.5022 73.57757 
5 554.65344 658.3746 570.21875 667.1518 
5 336.50314 731.28186 352.34506 739.2882 
5 752.1885 536.00854 769.0342 544.02563 
5 597.14575 470.08273 610.9324 477.65738 
5 565.02545 341.77844 577.6274 359.2079 
5 703.36816 212.86803 721.3959 223.17339 
5 423.3775 287.10004 431.24976 301.391 
5 373.23434 584.78973 405.63815 595.5063 
5 649.7419 197.22769 679.7552 212.98486 
5 748.40765 136.58667 756.8787 153.6001 
5 611.2447 517.94763 626.5622 526.16406 
5 343.5438 702.5519 361.2087 712.28564 
5 758.6406 682.4044 775.6238 690.7743 
5 287.8353 258.62805 308.2988 269.80994 
5 649.4442 300.82013 658.12854 316.29218 
5 613.4742 689.73834 629.92267 698.5837 
5 266.10635 355.03394 282.68796 363.62366 
5 375.15875 572.8785 410.4095 585.0756 
5 631.55853 49.180588 648.61176 57.98094 
5 676.17474 687.9696 693.5003 697.406 
5 171.317 731.46783 180.72993 744.2851 
5 432.7591 751.2418 448.1939 759.5508 
5 718.1999 509.147 736.8691 518.85425 
5 705.2952 174.1268 714.5839 190.34222 
5 289.50076 666.33496 298.43997 680.0033 
5 691.6173 26.217354 700.36414 40.467567 
5 410.50464 437.405 429.88843 446.37906 
5 727.90533 701.379 742.9836 710.07043 
5 572.4642 662.1023 587.83636 670.34033 
5 713.3507 362.82742 728.19275 371.27505 
5 579.32654 654.5732 596.0403 662.90204 
5 748.8494 326.93442 757.42596 341.06546 
5 669.57996 531.0744 685.51526 539.84186 
5 619.9263 291.87036 628.07605 307.3235 
5 468.23315 760.37787 477.35022 776.24896 
5 568.31305 463.6037 581.8035 470.7932 
5 701.85614 201.32771 719.01886 211.81062 
5 425.3146 790.5719 440.4518 798.2434 
5 724.1478 717.96405 740.0166 726.6838 
5 622.5833 494.83698 639.8829 503.02765 
5 400.47067 486.24292 429.17776 497.21692 
5 696.8665 495.21014 711.1385 502.9635 
5 612.02356 248.4061 629.30945 279.45364 
5 708.8972 316.44562 717.60864 330.9917 
5 735.4422 531.16223 748.81415 539.15686 
5 727.9155 131.63228 736.82336 148.64351 
5 446.63428 310.17194 463.81354 319.0417 
5 345.6147 687.5441 362.05804 694.96625 
5 476.48804 232.10524 490.78552 239.8816 
5 700.07043 313.56973 708.34546 327.38535 
5 585.903 493.12787 600.4577 500.57037 
5 695.4701 51.242687 711.30615 60.509434 
5 676.04236 362.43784 692.2411 369.7277 
5 649.5033 208.88121 669.40076 220.44673 
5 650.4523 699.7105 669.39355 708.74493 
5 219.23831 653.21436 228.91452 667.65564 
5 672.42993 214.81224 701.78455 229.17116 
5 286.08286 267.05585 306.24277 276.50665 
5 436.1279 394.21307 451.5311 401.43402 
5 698.23785 667.9977 713.31793 676.5702 
5 314.65277 498.4207 329.8855 506.3981 
5 681.5101 196.57123 697.8472 205.4863 
5 371.74985 595.07355 398.98636 605.14557 
5 723.24396 32.15119 732.1785 49.929665 
5 641.10864 262.10052 652.3601 282.82928 
5 392.3139 426.06564 401.15546 438.10214 
5 712.5729 697.27344 728.5803 705.9369 
5 660.5736 358.48853 674.9927 365.91132 
5 731.319 163.53975 749.4059 179.44124 
5 276.29764 322.95477 294.58328 333.35406 
5 342.18344 710.6401 359.19754 720.4537 
5 686.686 151.67372 699.5627 164.07405 
5 643.7399 481.3674 657.6535 488.90176 
5 392.99576 504.7451 419.27817 515.69714 
5 772.02527 540.9993 787.95483 549.2835 
5 707.61554 27.076408 717.2751 44.237625 
5 710.4361 370.24368 724.4382 378.99472 
5 611.54083 672.4259 628.211 680.3589 
5 659.67804 512.2693 675.9886 519.92224 
5 403.3546 475.46738 420.9333 484.01755 
5 652.31696 13.280231 661.81903 30.488949 
5 606.4112 491.17963 620.07404 498.5027 
5 622.5737 476.93417 639.1758 485.791 
5 348.95807 620.36523 357.82025 635.2722 
5 718.16675 518.46173 736.95654 527.20917 
5 683.8922 166.22691 694.234 183.0836 
5 621.79724 502.90433 636.4292 511.25485 
5 611.6717 289.82816 620.2563 306.64865 
5 243.61908 554.7638 252.59851 568.46387 
5 760.51385 529.0063 774.05634 536.44794 
5 634.90173 9.604603 644.8076 27.42583 
5 779.97003 48.492928 788.1457 62.792442 
5 437.32446 334.49762 454.5752 343.1187 
5 766.482 557.81116 782.3299 567.2025 
5 414.07797 426.4926 445.48068 437.40314 
5 347.0365 670.199 382.27362 684.141 
5 710.6744 541.3745 727.74347 549.3634 
5 305.51883 206.64117 324.327 217.16516 
5 400.3998 496.89487 419.41672 505.59744 
5 430.2693 309.8501 439.65283 326.25397 
5 607.8376 345.25632 622.2778 353.75125 
5 595.7768 46.309914 610.70856 54.03096 
5 475.3175 240.42857 489.80444 247.4687 
5 472.7447 247.28831 487.97668 255.21281 
5 356.70233 646.1625 374.70905 654.5303 
5 674.229 678.7503 689.89343 686.93024 
5 627.8825 522.0652 640.9473 529.3013 
5 653.94543 527.0842 668.8126 535.53845 
5 395.94193 527.049 415.20187 535.51666 
5 626.07 341.907 640.6628 349.65158 
5 749.27026 38.379158 758.1233 53.689095 
5 555.82526 503.431 570.0418 511.67722 
5 661.404 146.74562 679.7255 164.67827 
5 593.60065 685.03796 610.097 694.2981 
5 655.4432 674.9033 671.6025 683.26904 
5 435.31403 362.1824 452.03857 370.60562 
5 756.6412 40.70594 766.009 58.29876 
5 450.10178 775.29083 458.78165 789.7165 
5 328.54065 705.2587 337.53583 719.2884 
5 750.3647 552.8709 764.0783 561.2784 
5 716.81146 526.28186 732.0184 534.65356 
5 767.3706 142.80237 776.5272 159.3584 
5 789.93463 388.67688 799.89594 396.972 
5 673.1314 306.19553 683.0839 322.7711 
5 283.2967 686.95416 292.73505 702.50836 
5 380.13968 550.9208 398.47726 559.39233 
5 454.13638 256.55585 468.64877 264.2119 
5 739.6874 523.6706 760.9402 532.60614 
5 435.7875 382.02 451.14713 389.81754 
5 746.48785 379.58954 761.0463 387.83636 
5 431.91736 404.15775 446.21686 410.97318 
5 581.0825 466.30872 596.12415 474.7315 
5 276.26285 314.6696 296.3566 325.7933 
5 336.99704 623.3915 347.0687 642.0331 
5 694.9941 170.41447 703.6672 186.44493 
5 744.89685 508.08478 759.30273 516.11957 
5 625.07764 666.4972 638.2053 674.49036 
5 297.8938 234.44397 314.857 243.05695 
5 332.44736 645.14777 342.24362 662.4333 
5 786.7626 50.500313 794.04565 65.74561 
5 449.65524 294.44714 466.0977 301.75012 
5 265.51593 366.61185 281.70624 376.08493 
5 437.16443 353.3836 452.6089 360.7422 
5 661.0125 350.22028 676.5539 358.3011 
5 779.8797 687.4678 793.1076 695.2958 
5 625.0011 349.8317 639.2367 357.19876 
5 277.81775 714.3565 287.83002 727.8265 
5 425.88278 782.0688 440.3032 789.1069 
5 765.93726 329.10983 774.33655 343.63138 
5 427.3938 773.9323 442.01373 782.0572 
5 471.05347 263.75006 487.62268 271.6715 
5 641.52734 498.9585 658.2373 507.13647 
5 767.1955 512.68866 781.30646 520.7326 
5 432.55737 759.1563 446.04535 766.83844 
5 268.77505 346.10748 286.66592 356.17133 
5 763.57825 709.89813 778.6316 718.31036 
5 639.91425 671.13745 655.54144 678.6935 
5 288.9907 361.4162 297.57236 375.21533 
5 664.1073 503.13577 681.0874 511.79007 
5 553.0392 673.95917 573.277 683.4394 
5 317.5541 241.8929 325.76108 255.16127 
5 358.43845 656.2247 379.5964 665.4554 
5 683.07196 517.06885 696.7553 524.78784 
5 445.8709 268.54166 461.58856 276.2227 
5 309.26425 753.95294 319.5762 766.9875 
5 731.2877 693.4824 746.66003 701.6262 
5 790.1466 337.4759 798.6665 352.42877 
5 778.2443 712.2364 798.5091 724.3995 
5 630.6222 695.5334 647.6881 704.6662 
5 744.81445 92.10988 766.52747 102.49722 
5 359.5121 632.33527 386.34082 643.57477 
5 445.137 319.64642 459.86716 328.36224 
5 689.2589 269.06192 701.7606 301.1199 
5 552.5759 475.0659 569.19946 483.45804 
5 228.75218 543.7153 237.70152 560.06573 
5 365.09818 622.957 383.43277 631.99274 
5 556.5157 649.4264 570.0931 656.8319 
5 283.97073 290.25436 300.5812 298.73947 
5 280.28928 308.30154 297.01205 316.7684 
5 530.8666 501.92645 545.99414 526.4406 
5 501.23676 788.11884 518.1924 799.7194 
5 451.4864 302.63055 469.1458 310.73444 
5 640.5276 526.7602 654.8976 534.4349 
5 456.33395 236.38448 472.73044 244.23665 
5 682.49 707.08307 695.4668 714.762 
5 603.7207 289.71558 611.2263 305.54407 
5 690.83466 374.20624 708.0832 382.6239 
5 745.9334 114.77186 761.6423 123.45988 
5 339.20026 455.77057 350.8017 472.6136 
5 716.5333 309.10416 754.8197 324.07974 
5 593.23004 512.82056 607.727 521.0431 
5 691.8292 510.69324 705.34314 518.724 
5 708.2748 721.6664 720.5967 728.58923 
5 784.33453 516.5396 796.50604 523.65643 
5 576.67175 680.3451 591.7582 688.18787 
5 659.28296 301.37494 666.87146 315.0556 
5 293.72018 242.30695 310.84885 251.39517 
5 302.71237 214.53537 319.69608 224.3599 
5 226.75066 523.3829 234.50081 537.45856 
5 757.33014 673.87384 773.3609 681.22943 
5 670.93945 368.4572 690.0293 376.0476 
5 651.31586 188.56682 680.68365 202.61052 
5 475.06735 707.37115 483.10165 721.7172 
5 644.70435 10.948612 653.63477 26.818398 
5 232.57034 646.2891 242.22961 662.95026 
5 599.23334 634.5629 614.66656 642.7413 
5 519.1858 792.38116 536.40735 800.0 
5 343.5948 682.03033 363.31934 716.6822 
5 662.8016 164.82329 671.5859 177.72612 
5 741.42633 77.26294 758.8912 86.41377 
5 702.01935 548.5862 715.86285 555.3528 
5 581.8916 630.4018 602.0851 638.83405 
