5 338.3436 762.4898 354.16287 769.58746 
5 431.59552 159.99648 441.89862 175.04594 
5 309.9601 687.7464 325.33377 695.362 
5 674.8896 147.9266 684.4954 168.35727 
5 296.29102 330.13354 313.34473 337.86206 
5 337.06268 665.21497 353.44574 673.4614 
5 128.89342 15.587408 142.81398 26.190886 
5 451.06555 325.36343 458.94263 339.8712 
5 309.86572 695.37646 325.45172 702.9751 
5 295.5926 101.247536 310.8709 108.27418 
5 707.4237 222.99037 719.1128 250.40178 
5 704.19385 621.94995 712.81506 638.6647 
5 309.36548 530.76324 324.55762 537.8256 
5 309.29962 498.8996 325.53986 506.1892 
5 309.22833 514.6745 324.56683 522.38776 
5 294.7729 314.4015 312.43243 321.7845 
5 295.6532 307.09445 312.16766 314.39645 
5 343.69922 544.63403 359.02533 552.3705 
5 339.51468 685.3306 353.99728 692.98004 
5 311.62985 571.6587 325.1929 578.30396 
5 152.24403 589.3785 160.19167 604.6651 
5 147.11627 295.24298 153.88138 310.0058 
5 316.3976 403.6871 323.84512 419.2474 
5 572.08673 261.06174 580.12494 275.83005 
5 762.7135 766.226 776.7881 773.3941 
5 340.35446 209.55046 355.46915 216.90038 
5 274.08948 705.22125 282.1579 721.4008 
5 335.97757 24.275068 351.59213 32.068623 
5 297.90265 158.40356 312.38043 164.95322 
5 569.91187 0.7466984 578.0801 10.751269 
5 671.3392 342.17438 680.1611 358.60284 
5 440.06326 161.87077 450.59067 176.77708 
5 296.05045 26.938892 311.69894 34.434525 
5 296.5544 366.3747 315.08603 373.97266 
5 167.94487 644.3306 175.68996 660.17267 
5 482.23685 160.57005 492.7238 174.98494 
5 326.14188 232.9964 334.71317 248.89487 
5 185.48924 138.73825 200.36748 145.63547 
5 184.5576 169.69073 200.7672 176.98383 
5 335.91104 109.11082 350.99942 116.17979 
5 335.18863 132.66832 352.87033 140.35948 
5 295.23093 11.515432 310.02487 18.958994 
5 125.47434 130.97 138.77943 138.86859 
5 299.16943 459.1173 312.9345 469.0606 
5 295.26227 43.42109 309.82642 50.55423 
5 334.72318 12.634275 352.28397 20.709982 
5 572.06213 244.63126 580.7992 260.69153 
5 185.69199 161.9032 201.73022 169.59363 
5 294.6601 298.25232 309.5688 305.39185 
5 459.56528 325.53412 467.39322 339.53723 
5 316.33807 436.94803 323.73627 450.2408 
5 308.93265 625.7063 324.08224 633.0021 
5 574.0302 299.91333 582.2957 317.1377 
5 306.52298 610.16425 323.20486 618.28046 
5 337.5427 754.50964 352.1331 761.81604 
5 335.58224 218.13318 351.6849 225.97375 
5 569.8851 93.70101 578.1845 110.80779 
5 326.97375 36.737663 334.83167 51.737106 
5 143.50206 179.37628 152.3278 195.55695 
5 333.36166 155.4677 351.8301 164.3943 
5 295.09943 77.94403 309.73413 85.100784 
5 281.22943 482.6652 295.0 492.74783 
5 309.20364 679.97174 324.9742 687.2161 
5 459.0004 159.6943 469.08835 174.15823 
5 296.11655 118.03412 312.12003 125.15532 
5 296.1296 190.85727 312.59207 199.10898 
5 153.0383 783.77014 161.57095 799.2827 
5 297.3266 165.50755 312.63446 172.76836 
5 335.0448 124.71075 350.46484 131.8876 
5 470.7287 160.06123 484.28955 175.39961 
5 756.96643 630.1218 772.74426 638.05396 
5 185.21451 146.18896 201.19229 153.448 
5 296.91217 374.38818 313.57306 382.14844 
5 334.34372 117.192986 350.23007 123.66532 
5 342.53198 522.65717 357.9259 530.6767 
5 697.7643 352.31183 705.97314 367.44415 
5 153.1225 705.4974 161.75058 720.4638 
5 296.15756 125.47688 311.59213 132.51366 
5 755.1373 641.1398 768.9728 648.3967 
5 294.81766 69.47608 309.84177 77.12649 
5 18.434776 669.1909 29.154766 678.9365 
5 296.44934 174.18234 312.31543 181.50851 
5 296.22717 109.90144 311.04517 117.18175 
5 449.53644 161.53809 459.1073 175.66544 
5 297.35568 183.06033 312.08572 190.24545 
5 295.92065 322.42532 312.9961 329.91232 
5 308.13483 506.65253 324.42175 514.1126 
5 329.85178 325.52783 338.18497 338.67432 
5 296.0087 133.8463 310.941 142.24239 
5 160.16225 357.69653 168.07796 371.95105 
5 299.45502 142.30553 314.1438 149.9186 
5 187.81161 126.60147 203.8634 134.38141 
5 298.04907 207.49239 312.31195 214.62248 
5 184.0665 155.59184 199.69626 162.8384 
5 175.36497 517.6816 195.24037 526.892 
5 129.58138 51.32257 142.2838 60.663704 
5 345.4394 404.65753 357.8567 411.96454 
5 467.73376 158.84502 477.1941 174.49672 
5 297.83316 35.946968 309.39084 48.17662 
5 529.802 134.44127 537.4728 149.54521 
5 452.2562 158.56416 461.13058 173.66426 
5 706.00903 290.99768 715.7903 305.6375 
5 184.83643 185.79602 191.42657 200.1753 
5 157.65352 18.248962 165.69112 37.713997 
5 177.6494 185.73532 183.816 199.79736 
5 180.40851 751.2869 195.76346 758.68304 
5 309.23355 228.66815 315.78372 241.4942 
5 713.84174 663.1338 723.7835 682.96985 
