5 638.5113 577.6812 649.4786 591.13336 
5 660.1024 109.140915 667.6758 124.23154 
5 328.99258 138.43811 344.09317 145.31573 
5 397.93176 746.45374 405.7821 762.6449 
5 642.95825 544.5303 654.869 560.26685 
5 649.3981 711.91815 665.3093 720.4665 
5 649.9732 704.2663 665.0522 711.4937 
5 367.7474 145.69913 381.35556 152.50128 
5 676.7306 411.48788 685.05725 426.63107 
5 618.5569 546.04126 629.4252 559.5353 
5 629.745 66.34589 648.0167 74.46211 
5 364.394 96.05463 379.47104 103.46068 
5 723.4921 773.99945 731.67596 789.143 
5 410.6596 72.71587 418.30725 89.07867 
5 622.07306 573.86786 633.1329 588.37885 
5 331.641 61.025322 347.2776 69.17855 
5 365.56165 163.84819 380.5133 171.6581 
5 386.67276 391.7692 393.88492 407.0253 
5 333.2367 77.34533 348.45514 85.15412 
5 399.79785 320.72186 407.81287 338.42133 
5 649.178 674.4952 663.1327 681.32306 
5 659.3193 136.62624 667.191 153.64275 
5 381.6523 101.62606 389.91995 115.97741 
5 621.92114 193.31522 635.20996 208.44614 
5 331.8853 165.2825 347.09076 172.50119 
5 419.03983 74.20904 425.86435 88.27094 
5 387.76334 549.84735 395.70633 562.9993 
5 650.44806 689.98126 665.57794 697.21967 
5 382.27887 190.65894 390.7505 207.91467 
5 723.12787 579.2945 733.507 592.25885 
5 388.41553 534.3608 395.97736 548.02203 
5 382.33844 148.12305 390.46136 163.1164 
5 386.76166 433.02032 394.34784 446.7243 
5 400.33224 108.331726 407.38754 121.50693 
5 678.3724 446.68365 686.19464 461.42902 
5 382.72314 212.42737 389.95044 226.45541 
5 676.63055 381.33197 684.0634 393.89728 
5 384.2006 348.3647 392.39536 363.32898 
5 349.2642 784.22125 366.64108 791.88983 
5 329.83847 123.67172 344.10574 131.47484 
5 704.8928 584.1299 714.76587 591.578 
5 330.83572 172.7522 345.83237 179.56839 
5 386.4144 459.69434 394.49094 474.5183 
5 364.41965 75.11945 378.9456 82.628136 
5 386.8129 477.79922 394.9902 493.0532 
5 381.10803 313.05698 390.58984 332.8182 
5 715.14185 580.09717 723.68994 591.6843 
5 405.72543 764.6917 413.676 778.7181 
5 648.437 681.7727 664.5919 688.7822 
5 388.8962 682.78644 397.6133 700.45294 
5 659.61566 789.1708 671.2784 795.4789 
5 331.8701 145.64369 349.38925 153.25554 
5 637.7299 195.96037 649.5196 209.35689 
5 400.16266 199.46019 407.4613 215.1067 
5 682.82043 758.0101 691.0773 773.868 
5 678.69165 538.79803 685.08813 552.89874 
5 707.85535 774.2593 715.6748 788.93823 
5 648.6245 576.7875 658.6669 590.63184 
5 388.90427 621.246 398.66428 639.1802 
5 375.61743 172.16603 390.76184 181.4645 
5 675.6269 355.28915 683.9997 372.00595 
5 399.88153 254.75851 407.20044 269.39456 
5 658.68677 421.6365 666.8013 436.40323 
5 407.07822 692.2272 413.85397 707.4391 
5 404.91522 652.04016 413.35156 667.4508 
5 404.67227 75.018394 410.9374 89.15188 
