5 107.39077 31.292917 161.9424 44.860947 
5 90.870384 404.0595 106.10691 411.4735 
5 753.4541 512.0027 770.4614 522.1814 
5 226.65762 466.76218 238.11728 481.63345 
5 783.31537 456.96252 799.1176 467.13818 
5 44.934906 468.924 57.413887 482.96075 
5 187.38354 435.35138 199.15521 448.42847 
5 42.161163 421.03476 53.47056 434.72366 
5 105.64097 422.80814 116.38743 436.63077 
5 651.1527 423.7641 673.97815 435.45917 
5 25.047062 521.0874 41.425823 528.7706 
5 566.6193 39.750023 585.2647 48.47242 
5 744.2353 472.7648 759.42365 482.57278 
5 561.72437 460.4811 619.6842 475.39047 
5 499.71057 35.525845 520.08545 45.11603 
5 348.83792 766.68335 364.29208 778.5304 
5 2.1056075 422.30038 13.137423 436.35764 
5 11.781751 421.99762 24.767998 436.16663 
5 156.0034 468.80518 168.1566 482.2824 
5 42.95344 326.64465 58.950016 337.3095 
5 154.08128 419.68195 166.3875 434.34607 
5 75.12527 421.4037 84.96421 434.46222 
5 177.72588 467.53735 188.1097 480.64868 
5 61.711594 420.39285 73.98291 434.10336 
5 213.50394 393.9194 229.65366 403.4407 
5 115.39594 422.08102 125.80964 434.49496 
5 186.99254 468.39178 197.9529 482.4887 
5 1.1093411 333.30054 16.992966 340.2469 
5 83.20973 419.57993 93.48749 433.60202 
5 115.43567 436.66278 126.46631 448.6369 
5 307.8271 468.86877 316.6612 484.77454 
5 249.39838 406.1102 265.01312 415.73294 
5 236.49297 467.15182 247.38548 480.57578 
5 130.80646 516.2887 146.49133 523.74133 
5 15.146635 467.97314 27.876383 482.12152 
5 91.68868 347.61496 108.032616 358.15945 
5 782.21594 497.09653 794.43225 511.31876 
5 10.874186 486.1098 25.801516 493.2788 
5 74.2798 340.23978 89.070724 350.45132 
5 4.0131974 438.6599 16.10242 452.5017 
5 247.62502 467.4997 258.0016 480.80902 
5 135.08775 420.40982 144.81264 433.38956 
5 319.94598 506.35645 335.45483 514.1137 
5 23.10502 318.6101 40.544205 328.84265 
5 123.6034 419.60815 135.061 433.58856 
5 614.71545 503.26477 631.13025 511.58923 
5 207.60118 451.61218 222.64937 458.81647 
5 162.02112 374.5052 176.784 383.25653 
5 51.31594 484.4315 66.24579 492.1497 
5 265.95776 9.23065 284.21606 17.448801 
5 325.58948 467.79572 334.6493 482.8996 
5 167.20695 422.29364 177.87437 436.11536 
5 745.4783 449.5077 761.25134 459.81354 
5 595.59875 505.54633 611.4978 513.9431 
5 67.865036 577.4362 75.37108 593.4216 
5 16.11346 451.44525 30.169876 458.98517 
5 0.9883666 326.1239 15.740044 333.17755 
5 55.01183 438.14273 67.84736 452.09317 
5 21.491112 407.82135 37.895115 415.56934 
5 215.02997 511.22464 229.81412 519.05585 
5 23.610447 422.81653 33.65235 435.96063 
5 504.42477 507.63074 519.3115 514.8757 
5 27.480408 485.19333 44.32788 492.81918 
5 466.8285 507.1539 482.252 514.6067 
5 31.497387 451.67206 45.690395 458.93866 
5 0.5031562 522.25116 14.339758 530.15985 
5 178.15318 437.94403 191.08669 451.62836 
5 59.52124 333.52902 75.052 342.68765 
5 90.91831 517.4575 106.542564 525.0115 
5 277.02097 467.46802 286.7607 480.94006 
5 383.11765 506.63553 397.97055 514.3675 
5 330.12085 31.063215 347.04047 39.86328 
5 651.2251 498.30182 666.32935 506.62225 
5 158.51373 438.1962 169.5863 452.79556 
5 670.4979 494.687 685.17346 502.72052 
5 36.171486 554.81384 44.41159 569.9065 
5 19.198269 333.90973 35.348946 342.05658 
5 73.01445 406.47736 88.89386 414.09198 
5 104.624084 436.3965 116.64264 450.17007 
5 109.39396 355.48593 125.048485 365.0474 
5 24.372292 437.97235 37.343616 450.7323 
5 192.45082 484.74026 208.21999 492.09518 
5 258.43686 466.2368 267.79123 479.7737 
5 276.04855 507.7882 292.92484 515.5671 
5 538.7065 507.90598 552.7131 515.5458 
5 234.75688 401.03973 249.17409 409.399 
5 24.048943 554.5933 32.242805 569.04535 
5 177.56201 379.71735 191.4223 389.18134 
5 150.39075 515.6002 166.87772 522.76306 
5 343.82538 506.4124 358.7542 513.6323 
5 235.26219 510.55838 250.20647 518.65533 
5 686.78467 491.2761 700.09216 499.00412 
5 146.12912 421.92627 156.99768 435.16473 
5 110.71163 516.27057 125.79426 523.731 
5 95.22345 423.05505 105.51315 435.55298 
5 93.42437 486.28934 108.78239 493.86655 
5 76.79293 577.7648 84.50997 593.5084 
5 402.19846 506.79736 417.71225 514.63165 
5 95.67991 436.56375 106.19039 450.40842 
5 483.77536 507.1417 500.3566 515.2055 
5 31.563663 421.09705 43.476665 433.9431 
5 106.677475 467.6566 115.875015 482.05405 
5 87.323685 467.72974 99.58641 481.52008 
5 47.87285 451.316 61.73654 458.85025 
5 207.20586 468.11127 217.36159 480.79596 
5 0.0 355.18927 10.080721 363.33893 
5 4.4718356 469.01028 16.5484 482.4708 
5 558.1878 508.31424 573.1496 515.5819 
5 362.70316 506.65796 377.83206 514.2414 
5 116.113266 468.58942 125.5789 481.76202 
5 113.732086 485.64108 128.95026 492.7216 
5 212.73914 483.97858 229.26306 491.39453 
5 194.4125 386.1934 211.38022 395.69907 
5 634.0809 501.63596 647.61896 509.1677 
5 86.23699 435.55927 96.54365 449.0863 
5 111.44666 451.08743 124.67295 458.428 
5 39.818203 406.08533 54.06296 413.5681 
5 719.03156 774.7551 736.5306 782.4392 
5 15.150969 343.84814 31.74164 351.8225 
5 255.81755 510.01526 269.12793 516.82166 
5 127.18783 405.84583 143.37462 414.18695 
5 138.42873 484.94336 153.48582 491.8789 
5 64.135704 519.07684 79.3583 526.71234 
5 217.35004 435.92117 230.0971 448.24936 
5 59.66453 350.58627 73.56017 358.6815 
5 146.50868 466.30508 158.16444 482.41965 
5 87.7625 23.230421 104.39717 31.23075 
5 144.56752 367.42783 159.07951 376.11392 
5 12.468021 354.7504 27.869904 362.43576 
5 80.90964 451.02353 94.68103 457.88834 
5 198.01906 467.95456 207.40623 480.96213 
5 101.30214 466.32196 173.60866 483.86688 
5 50.93838 420.6104 64.85582 434.8183 
5 63.952415 452.88525 77.56219 459.93695 
5 108.054695 404.91702 123.84026 412.9808 
5 60.904716 469.87488 73.19485 483.3106 
5 77.31465 775.071 84.99454 789.2238 
5 93.65222 576.198 100.497986 589.3185 
5 126.9549 361.75964 140.29903 369.97687 
5 46.22095 520.0751 60.41457 527.4595 
5 75.548256 397.52652 91.25254 406.47165 
5 196.55951 513.06757 211.38123 520.59906 
5 125.72403 469.6406 133.73413 481.27988 
5 577.5893 507.9472 590.9012 515.0652 
5 395.76776 702.4526 409.3637 709.00055 
5 37.99932 359.7873 52.134995 366.67084 
5 0.4944973 453.69028 9.0345125 460.541 
5 178.63222 514.1765 193.29842 521.448 
5 44.904636 437.4517 55.537167 449.96384 
5 176.42212 421.48965 188.36536 434.71158 
5 734.38074 542.0641 754.3124 551.3707 
5 297.81833 507.0283 316.6821 514.8481 
5 269.6954 420.243 285.32083 428.025 
5 126.14451 434.45953 136.88678 447.34894 
5 274.75525 483.24188 288.72656 491.33392 
5 167.48883 438.7331 180.30121 451.63513 
5 26.178183 469.17288 38.39119 482.9172 
5 85.67552 577.8325 92.30885 590.64844 
5 429.24377 506.4506 444.90393 514.2282 
5 78.521576 498.09494 93.23685 505.2205 
5 44.930073 345.39462 59.171932 354.85074 
5 209.55838 439.1785 221.4194 450.89114 
5 216.40848 468.6752 226.8671 482.25168 
5 316.99188 469.0096 324.64557 483.58633 
5 95.75744 450.806 110.08387 458.4656 
5 136.62138 435.77408 146.73775 448.34268 
5 19.57443 366.46262 35.449467 374.06955 
5 239.8215 444.84723 252.42422 456.26697 
5 229.78009 439.77884 243.21033 452.46097 
5 102.287766 576.5077 108.352005 589.31445 
5 198.90907 436.53888 211.2454 451.5913 
5 176.5571 483.6475 189.00195 491.6321 
5 299.0677 468.57095 307.01862 481.44913 
5 157.70546 484.63974 171.17451 491.64957 
5 189.4034 451.1297 204.44151 459.93085 
5 55.988632 404.28506 69.85599 412.25156 
5 165.37044 467.46176 179.78548 482.7513 
5 136.28824 468.71973 145.98248 481.98236 
5 124.53312 450.32156 139.20595 458.639 
5 719.1618 758.7944 735.56757 765.80536 
5 4.96358 309.9942 22.199314 321.11774 
5 74.32142 436.6931 85.765175 451.04407 
5 147.71422 437.89368 157.33101 449.10107 
5 190.11235 424.4641 199.63585 434.86218 
5 267.49557 467.18512 277.21414 479.8709 
5 15.174219 438.513 26.62158 451.38013 
5 64.637665 435.99442 74.68739 449.77817 
5 199.91972 466.0022 263.81024 483.5794 
5 722.9554 767.00806 736.9578 773.2645 
5 719.8566 733.85876 734.6269 743.6333 
5 97.58868 468.43326 108.20335 481.0942 
5 239.28265 480.17123 249.5321 491.0316 
5 720.7367 726.1515 734.2572 733.61914 
5 723.4635 785.45984 736.71924 792.11206 
5 223.21965 448.58746 236.28886 457.93372 
5 449.856 507.3356 464.4637 514.40015 
5 716.1414 538.62823 728.3576 560.2962 
5 5.1347795 340.0927 15.057066 351.30206 
5 251.88657 481.19678 260.69913 491.73712 
5 33.38555 344.49622 46.76136 351.83514 
5 0.35299492 305.43155 9.595927 314.91684 
5 4.422294 407.39905 19.594873 415.1125 
5 30.942013 434.59543 43.316257 446.97513 
5 36.255405 468.2494 49.922413 480.81964 
5 172.7099 447.99713 185.95316 457.7934 
5 171.67345 481.01556 181.0678 491.2752 
5 720.01794 707.78107 732.4479 715.7808 
5 260.76297 481.0517 271.62167 491.1369 
5 222.46973 444.37152 235.18073 455.6037 
5 199.52388 426.16946 208.27922 435.2247 
5 6.6945133 435.99225 66.80865 453.1007 
5 65.83364 438.52783 78.12206 452.1714 
5 87.786575 578.6893 94.07283 591.74554 
5 0.060193777 424.59097 6.198888 438.9855 
5 31.599976 351.94055 49.19388 358.4953 
5 722.79346 752.05145 735.1361 758.5699 
5 0.0005455017 485.3762 8.753856 493.0071 
5 0.4807248 450.64774 10.787792 459.52744 
