3 13.874985 49.786385 19.858047 62.3553 
3 6.048524 193.15997 27.814438 201.76804 
3 104.70002 106.80434 118.87281 112.24835 
3 61.622814 344.98944 67.568756 355.05402 
3 76.83524 182.79878 94.03535 189.45802 
3 106.96072 117.2485 121.721016 123.22036 
3 106.880585 119.44246 120.730286 126.66327 
3 105.23008 113.33006 121.13448 119.74411 
3 104.3593 106.70136 122.04181 116.521706 
3 13.211962 48.189056 21.73099 67.9957 
5 337.2764 161.3181 349.48868 168.12059 
5 505.00113 123.97064 516.21783 128.70267 
5 296.3641 170.97604 305.2393 175.65948 
