5 261.11374 431.22552 292.72037 459.20685 
5 200.02948 352.50574 218.49551 376.55725 
5 421.19168 381.55246 444.64975 407.11002 
5 404.76822 362.2829 421.45297 374.55994 
5 396.7696 342.45795 418.90692 365.96893 
5 15.126505 639.7011 47.77585 674.32477 
5 394.69812 327.13477 419.13336 374.88043 
5 203.32425 351.1427 217.14685 363.58813 
5 315.10852 281.1931 325.85608 289.21637 
5 421.52988 388.82153 462.23587 410.0019 
5 260.42026 267.48935 269.8514 276.22464 
6 386.57935 608.28534 403.44067 645.9233 
6 340.61877 725.5399 359.91254 777.4955 
6 371.6417 681.447 397.5571 728.6046 
6 358.81607 476.60944 369.095 505.27826 
6 480.56686 468.98392 489.13535 492.71188 
6 350.19003 428.3302 358.50345 451.3001 
6 336.8042 486.49304 346.86218 510.44232 
6 306.97137 478.20654 317.5628 505.3993 
6 327.61563 385.31256 335.55722 401.57214 
6 336.98038 399.88013 344.70724 420.29523 
6 329.8592 328.0476 335.67963 342.64862 
6 328.8357 328.45535 333.41895 340.80704 
6 323.30328 408.539 331.3645 427.9831 
6 315.63248 422.90912 323.939 441.43903 
6 342.8562 420.9081 350.26166 438.60684 
6 303.00745 423.45978 311.1045 441.69385 
6 514.16833 516.2082 528.3159 548.4604 
6 319.60626 341.1042 325.0042 352.17834 
6 331.53757 326.70963 336.26175 338.53232 
6 296.6885 403.57544 306.00754 419.367 
6 343.4642 725.78735 357.12808 754.4525 
6 379.59845 481.65445 388.72583 508.05856 
6 478.53864 470.528 485.71436 493.77698 
6 295.55484 405.80298 309.1157 426.55865 
6 309.0438 477.56165 317.53903 493.89484 
6 490.75168 467.73978 499.20303 490.79324 
6 483.7519 467.23074 490.22058 489.6213 
6 344.4873 429.2652 354.96362 454.59802 
6 57.148056 731.8935 75.42937 764.4952 
6 296.79404 411.74704 307.0322 429.69858 
6 312.4422 304.98126 317.37683 316.46576 
6 387.78992 608.01636 400.49426 632.3594 
6 355.1012 477.25708 373.9809 511.3249 
6 354.02063 429.06915 360.0475 449.03308 
6 345.2474 767.20966 355.89914 782.7769 
6 369.60605 489.41177 379.68997 509.816 
6 320.6908 339.44955 325.8994 349.4539 
6 384.16068 604.974 407.0079 665.46826 
