3 148.01523 102.59684 159.86789 138.70529 
3 534.32947 215.32893 546.58374 244.56389 
3 570.0368 179.65791 581.87445 209.29735 
3 69.85225 534.0994 79.77167 556.51984 
3 160.48749 59.1855 173.92792 94.438156 
3 227.90495 102.73755 239.79964 131.48915
3 403.87506 220.40416 413.95752 247.18373 
3 201.8908 100.897446 213.09468 134.07672 
3 415.3089 53.659164 427.03925 87.51439 
3 38.5614 105.23982 49.16932 131.68387 
3 559.22156 429.03464 567.6638 451.82126 
3 523.74835 180.74939 534.2078 209.76349 
3 595.3738 493.90103 608.51404 541.5066 
3 261.4273 335.1207 272.15356 359.869 
3 376.47986 61.008408 385.87872 88.71944 
3 52.68695 66.119286 64.50916 94.80431 
3 57.787067 442.7858 67.6174 463.0212 
3 319.11163 706.40906 327.39813 726.89124 
3 320.5991 97.81183 333.47177 130.90062 
3 496.31323 55.041023 507.2845 86.309 
3 403.12436 94.79065 415.57712 130.94383
3 183.40686 437.67868 192.11533 460.17636 
3 525.7976 329.37836 534.76904 353.8238 
3 64.04286 710.99634 72.150955 730.6725 
3 551.0217 525.1322 559.1975 549.3629 
3 241.30962 60.81897 252.66902 92.52318 
3 118.69428 66.469894 130.61703 94.71687 
3 214.40494 436.77774 223.62778 461.3455 
3 213.40414 407.36398 222.56381 429.3386 
3 268.0843 592.25684 275.96375 613.62134 
3 412.99942 432.71918 423.18198 455.3877 
3 82.1072 536.2214 90.65055 555.8415 
3 342.54816 219.11273 355.2813 250.12936
3 438.55222 218.68517 449.42392 244.77989 
3 178.40578 336.34235 187.52614 360.28857 
3 562.4686 54.608845 575.3186 84.01587 
3 104.74398 338.0158 114.84673 365.49994 
3 150.1991 226.21268 160.78116 254.30066 
3 489.07233 293.624 499.3639 323.5156 
3 462.8698 183.57973 471.24866 208.79976 
3 67.986824 440.76508 76.75819 460.01898 
3 163.69191 188.85995 172.97923 215.45175 
3 114.68628 190.95152 123.83441 216.76497 
3 78.34528 192.5626 88.1621 216.15672 
3 246.93312 593.43494 255.74455 614.5526 
3 476.20682 701.1261 483.9639 722.676 
3 315.85718 592.7239 323.91248 615.14197 
3 80.69763 340.01566 92.24211 363.88278
3 141.58273 707.6117 151.63959 730.95215 
3 503.82574 615.8555 512.4757 637.62933 
3 236.50203 531.3678 246.87425 554.3324 
3 139.95938 189.24208 148.23581 215.73326 
3 499.86374 218.1821 510.4539 247.06305 
3 283.31888 226.16771 292.22067 248.33623 
3 147.39844 62.154648 158.8548 95.5777 
3 542.4294 615.47125 551.53143 636.17487 
3 522.7068 50.614822 534.7926 86.49156 
3 79.61427 103.33519 91.813446 132.01476 
3 46.60922 341.09042 56.173916 364.8038 
3 163.37074 226.47269 173.8932 255.09119 
3 379.76306 187.8433 387.87024 210.4582 
3 105.61423 103.87785 119.27428 133.90988 
3 376.19476 618.331 384.2317 639.466 
3 335.80978 621.59717 345.0804 645.0095 
3 214.42117 302.98193 222.25937 327.11597
3 211.56085 708.6775 218.24545 728.3191 
3 268.81036 99.98307 278.52002 133.2923 
3 59.569286 339.87405 68.65615 361.446 
3 334.23715 300.48697 344.97098 326.6497 
3 130.92757 596.394 139.08946 618.9439 
3 524.29895 217.62651 532.62024 243.30986 
3 468.2353 496.24808 475.65216 516.71576 
3 365.3519 591.9259 373.6019 613.21094 
3 549.5248 295.8837 558.86707 321.26785 
3 570.49677 493.9785 579.2502 515.576 
3 463.75858 616.7727 472.5764 636.27014 
3 547.66565 217.6976 556.3268 243.73325
3 113.417366 534.1829 122.58332 559.11053 
3 163.06474 101.43688 172.96843 132.5137 
3 112.128044 710.51245 120.30784 731.69336 
3 91.75124 684.5266 100.56408 703.0885
3 65.95791 229.35793 75.85099 248.50246 
3 174.58575 535.0631 184.92596 558.23926 
3 451.44376 182.06589 461.61008 209.34738 
3 528.98834 494.63583 536.3768 516.6405 
3 295.17868 99.524 303.64682 128.82507 
3 256.8981 593.4408 264.82797 613.9282 
3 487.92838 185.2458 496.10373 210.03227 
3 235.16237 436.9589 244.42268 461.17715
3 343.256 184.49352 353.9321 211.36995 
3 268.07608 621.956 275.49545 641.20026 
3 198.84746 187.05214 208.05788 214.57518 
3 186.49168 189.1789 195.76137 213.46353 
3 426.82724 674.67377 434.5507 693.962 
3 159.6462 623.13074 168.44933 644.65967 
3 189.70662 307.16586 200.15074 328.84256 
3 351.45377 528.85034 360.58615 551.76 
3 499.90518 180.8069 508.8823 209.79387 
3 228.61604 60.819546 239.44417 93.02901 
3 69.71471 339.01315 78.17891 360.46182 
3 568.42346 398.65015 576.7722 421.80566 
3 562.5963 615.35767 571.3279 634.9817 
3 486.9663 399.38593 494.43213 423.5379 
3 547.5802 399.77893 557.48413 421.59442 
3 267.02603 406.8072 274.94748 428.96918 
3 358.04364 703.81866 367.37054 726.9334 
3 191.13255 336.55472 199.2705 362.73434 
3 495.62576 432.22208 504.3809 454.817 
3 415.8031 219.84299 424.9442 244.78812 
3 391.9321 402.58292 398.9302 424.27573 
3 121.38636 439.1876 130.96132 463.5269 
3 561.10846 589.4188 569.72296 606.6908 
3 322.4369 333.7901 331.34167 359.49164 
3 372.94504 496.64923 380.33566 518.4727 
3 561.086 294.55826 570.90826 319.70517 
3 454.05817 330.82043 462.62292 355.81317 
3 457.25943 95.12479 467.05984 125.02309 
3 256.98535 436.85242 264.98755 459.4048 
3 51.978897 626.4193 60.01808 648.35864 
3 296.8178 593.3438 304.1178 612.6524 
3 406.0628 330.94162 415.21185 356.04318 
3 116.916336 306.0207 124.95369 329.71594 
3 346.85492 332.3648 355.55664 359.7519 
3 464.16675 588.79553 471.78302 608.2012 
3 68.692635 411.91107 76.74207 432.17108 
3 411.9245 400.89877 421.07397 424.9263 
3 568.99603 429.3205 576.73456 451.16553 
3 383.2368 499.72818 391.06204 519.9296 
3 278.95602 678.20605 286.61777 697.92114 
3 446.86688 494.9759 455.05243 518.0483 
3 255.94792 405.6292 264.5291 429.57562 
3 474.14404 617.3621 483.06708 637.1623 
3 377.64102 675.1297 387.1675 696.5367 
3 512.12994 218.336 519.73004 246.4898 
3 271.66165 187.44273 279.272 212.52821 
3 59.990093 506.84076 68.25009 526.6602 
3 317.95258 405.67117 325.5017 427.2642 
3 465.09784 329.2391 474.66315 355.5682 
3 552.375 615.35394 560.39905 636.5671 
3 430.09067 59.60282 439.7726 85.62249 
3 362.39694 58.29471 374.22885 89.2408 
3 255.6407 59.919792 266.3955 93.64608 
3 470.17096 56.40905 478.7132 85.61733 
3 151.64865 188.55159 159.8919 217.2447 
3 347.61108 54.61342 360.6364 88.37663 
3 67.71156 105.00043 76.355835 133.8342 
3 205.01991 534.1109 215.7324 558.4732 
3 131.71082 407.04715 140.16809 431.36563 
3 518.8559 496.2001 526.45233 516.8441 
3 347.6353 676.665 355.6349 696.4976 
3 179.71043 594.4794 187.47368 614.80164 
3 308.47693 300.86758 317.81976 326.2833 
3 237.91846 336.61295 246.96088 361.88046 
3 298.96643 678.17883 306.42017 698.87305 
3 193.44896 408.26398 201.55327 429.68896 
3 247.96597 532.0375 256.35526 555.95447 
3 288.02063 620.30426 296.3017 641.59247 
3 455.05273 401.5511 463.98846 424.73364 
3 90.25577 225.42346 100.43411 253.27313 
3 123.137955 710.5995 131.4443 730.34534 
3 424.1858 590.6177 431.52496 608.41833 
3 415.06107 496.6487 424.30692 519.9815 
3 142.74086 337.31683 153.04662 365.42828 
3 475.6024 670.15906 483.71048 694.7532 
3 56.95549 229.61945 64.895386 250.55609 
3 159.88484 597.2095 167.57912 615.8998 
3 208.26175 593.89716 217.04404 615.9703 
3 61.491745 535.10205 69.063095 556.19543 
3 259.12143 502.16965 266.19437 523.9944 
3 111.08037 438.89752 119.47688 460.79706 
3 215.21165 60.395523 225.81422 92.06319 
3 551.97675 587.03577 559.6497 606.1162 
3 393.5975 496.71155 402.2847 519.4843 
3 402.3336 431.37585 410.90952 456.4433 
3 359.44815 402.48257 368.44754 426.39975 
3 389.06888 58.162388 399.4155 85.88709 
3 239.95947 679.2126 247.41449 698.0389 
3 111.48157 680.9513 120.46567 702.06506 
3 518.6187 525.11475 528.49335 548.13806 
3 560.0649 494.0912 567.2211 513.10767 
3 132.06761 439.92972 139.77321 462.97983 
3 584.2978 294.3002 594.0888 318.0989 
3 131.3534 681.81287 139.97617 701.7228 
3 427.60095 220.61789 436.09583 245.07532 
3 415.7794 674.7033 423.98203 695.456 
3 202.99942 303.20856 210.74432 326.53284 
3 91.75047 439.65955 98.87138 460.68103 
3 430.43015 298.87384 438.2103 322.83215 
3 581.23596 492.83377 590.73694 517.5945 
3 537.7418 401.78162 544.906 421.35413 
3 184.59154 501.27924 192.48271 522.8178 
3 80.899704 598.9845 88.686005 618.8054 
3 522.8744 588.4766 530.5449 607.08954 
3 436.11328 675.8896 445.19318 695.1275 
3 318.82092 434.58624 327.9286 457.52625 
3 224.55898 439.4184 232.69557 461.6006 
3 102.80295 228.00435 113.5741 253.4875 
3 434.788 496.28098 444.3882 519.7751 
3 516.02344 399.68472 524.37354 424.45895 
3 396.47266 674.9308 404.64618 695.50854 
3 366.80524 219.63899 377.6811 249.26717 
3 259.35895 187.35918 266.59418 213.53377 
3 127.40421 192.45714 134.87369 217.15291 
3 402.21 58.11357 412.53934 85.56746 
3 390.6065 184.37357 398.39008 212.60141 
3 499.13705 527.4538 507.08054 548.1617 
3 451.0744 215.67282 463.5548 247.72449 
3 140.4295 596.33856 147.46432 617.2652 
3 503.11526 588.3674 511.17288 608.89484 
3 417.45938 102.00079 429.24118 131.61124 
3 362.64297 528.784 371.64352 551.3173 
3 508.09583 524.8668 516.4508 544.53406 
3 256.44635 99.230965 265.52704 129.6034 
3 328.90985 678.1216 337.25 697.7827 
3 348.9987 400.1408 356.67526 417.1729 
3 229.85385 707.2919 238.92361 728.35754 
3 297.0562 299.52484 305.6313 325.40985 
3 407.65613 676.4745 414.47742 693.848 
3 235.71643 223.15245 245.37512 250.03746 
3 377.00967 96.49064 388.1708 128.30783 
3 397.9799 704.3044 406.90945 724.6491 
3 203.88147 411.62704 211.88809 430.39108 
3 100.20004 411.185 107.85422 431.93243 
3 217.25331 106.97828 224.79039 128.15706 
3 455.63455 524.9159 465.63992 550.2374 
3 211.55719 188.45712 218.54898 214.80673 
3 335.1942 333.72845 343.9989 359.8073 
3 475.86673 398.9371 483.99643 422.32028 
3 192.95337 437.75745 203.64438 461.89606 
3 430.52292 332.53046 439.12387 356.69177 
3 444.4157 589.63306 452.27228 610.8174 
3 220.22038 679.5369 229.5822 700.4915 
3 288.13757 592.3106 295.54205 612.804 
3 270.63663 221.73215 279.384 250.78955 
3 331.85046 222.31493 340.82422 246.6606 
3 94.07172 337.6978 102.82207 361.4897 
3 249.05804 302.3542 258.50333 326.44073 
3 47.30986 441.16202 56.198814 465.81448 
3 149.4298 595.4621 157.1176 616.54425 
3 121.290306 103.91075 131.81775 135.54172 
3 497.1907 399.9265 504.53275 422.4187 
3 477.83646 526.1777 487.16556 548.3487 
3 532.1422 587.5152 539.631 606.86346 
3 558.4052 215.4401 567.9255 246.03616 
3 444.23395 400.24896 452.94855 425.01538 
3 526.5526 398.06976 535.40356 422.17242 
3 433.46863 400.9529 441.48987 422.76004 
3 240.42577 706.1924 249.14738 727.3458 
3 488.21237 495.54153 495.8889 517.3129 
3 417.04874 703.41455 425.3972 723.9491 
3 492.94016 588.5228 500.81094 609.7656 
3 342.83313 528.6333 350.89832 554.2833 
3 40.05901 57.386856 47.23753 73.75018 
3 174.44626 499.89648 182.80783 525.5631 
3 259.08136 535.8447 266.5567 554.14966 
3 576.5314 48.87696 589.0879 81.96339 
3 405.38477 591.1096 413.02722 610.7263 
3 466.98248 702.5362 474.33923 724.55035 
3 407.2231 702.95996 415.55814 722.3356 
3 43.96472 311.37027 51.256508 327.56375 
3 418.86658 330.4955 427.7616 355.50436 
3 102.38097 708.81836 110.680984 729.82837 
3 323.04852 302.62244 332.60492 324.79736 
3 161.85095 681.8351 168.20523 700.4508 
3 72.72873 686.1016 79.92795 702.63666 
3 267.5581 435.78278 275.6358 458.87445 
3 455.02383 617.5512 463.2335 635.4947 
3 140.7374 225.87834 149.6376 253.42787 
3 506.7624 431.08832 514.91785 453.1012 
3 456.95685 701.98035 463.6703 722.6289 
3 473.47107 588.89075 480.27692 606.84595 
3 83.76799 710.67206 92.39633 729.29 
3 40.744118 196.618 49.1612 215.77855 
3 362.71378 496.00626 370.558 520.4525 
3 308.15555 436.61816 316.775 457.48248 
3 181.48528 683.1934 187.83647 701.87994 
3 187.91849 224.30606 196.13412 251.26743 
3 391.2248 96.65991 400.52502 126.704544 
3 466.96774 430.67282 475.81046 453.62637 
3 485.95923 432.45636 494.20502 453.56976 
3 237.43562 594.05066 245.29356 613.7623 
3 167.12032 338.7801 174.78963 363.25092 
3 236.52861 498.62366 246.17549 525.2888 
3 367.15677 619.9002 373.60696 639.3957 
3 394.8305 331.80432 403.11182 355.659 
3 349.64478 96.26633 359.31543 126.154236 
3 71.23345 601.0723 77.95522 618.61346 
3 441.96814 297.23697 451.19855 321.5062 
3 537.0314 291.6453 546.6404 320.44974 
3 533.26575 615.9241 540.1333 634.90076 
3 307.7481 405.07886 315.5598 425.71088 
3 375.17737 592.1882 383.11615 612.73883 
3 164.36067 535.37213 173.22801 558.6149 
3 339.80692 435.00394 347.72562 454.22177 
3 287.94666 405.32062 295.57306 428.22607 
3 320.35678 497.81024 327.53745 519.3701 
3 280.54208 708.6043 288.0073 726.5466 
3 290.8675 529.7322 298.42188 552.3467 
3 81.0247 307.23615 89.9824 328.51404 
3 40.598312 178.39592 48.21234 192.97209 
3 80.990944 505.40198 88.89924 525.6489 
3 376.64938 704.19305 385.31473 724.649 
3 513.5206 588.9025 520.9082 606.5579 
3 61.045876 602.134 68.264305 618.90497 
3 247.07965 187.5015 256.44876 214.98102 
3 306.75647 188.58554 316.4638 212.84772 
3 310.11182 499.30234 316.6148 517.24677 
3 443.21042 331.68936 450.79764 356.09158 
3 486.1824 672.9584 492.5961 694.5436 
3 191.03462 708.5652 199.3478 727.6056 
3 455.0334 50.422737 468.57556 86.327065 
3 328.43237 434.9964 337.6479 458.6137 
3 356.398 619.1034 364.40326 637.844 
3 63.903435 684.825 70.44193 701.1076 
3 268.93686 678.41376 277.48587 698.6623 
3 114.39131 223.6848 126.25188 254.53587 
3 268.4156 531.152 277.90784 554.60974 
3 152.40004 501.9073 161.42638 525.97906 
3 319.3293 183.97942 328.389 212.83846 
3 447.26953 526.956 455.20624 547.8256 
3 248.45087 623.40155 257.1447 643.684 
3 581.19244 428.6616 588.003 452.5403 
3 123.940704 503.28363 132.28424 527.1232 
3 339.15393 705.54956 346.37146 724.0099 
3 276.72537 405.63025 285.8256 428.7397 
3 483.80585 589.3341 491.88257 608.8563 
3 150.19705 407.2668 160.02109 431.93393 
3 523.82324 614.9555 531.65 636.1434 
3 177.53375 305.0814 186.8497 326.1849 
3 494.72903 616.6814 502.73026 635.5957 
3 80.98703 625.2388 89.8098 645.8048 
3 289.71915 500.3551 297.24728 519.55756 
3 91.28458 505.863 98.89778 526.5346 
3 168.99898 596.94385 176.8915 617.2318 
3 40.13907 158.96306 48.04744 175.6327 
3 201.07983 707.52966 208.71817 728.20593 
3 508.0238 494.5015 514.79694 516.9836 
3 105.090836 304.85318 113.10216 329.3928 
3 320.58316 529.06647 328.57565 553.95575 
3 402.04944 403.10876 410.7923 424.1953 
3 106.74788 65.83251 115.41727 92.941765 
3 346.7429 620.66986 354.27243 640.3586 
3 181.83585 708.6708 188.40948 728.24695 
3 307.78043 704.41394 316.6315 725.9785 
3 307.03525 61.3522 318.8317 90.43564 
3 131.77577 339.75354 139.55678 365.27362 
3 151.42947 679.5643 160.09512 701.57184 
3 360.00443 434.17868 370.35672 458.27786 
3 366.47217 183.78496 375.8922 211.2523 
3 289.61075 707.15405 297.16226 725.74365 
3 219.05617 594.3253 226.14687 615.2461 
3 464.8987 298.19162 472.8237 317.97855 
3 120.04879 407.11383 128.76234 429.91516 
3 425.87637 701.6892 434.74893 723.34924 
3 110.64959 597.88696 118.20513 617.5188 
3 332.08713 194.07155 339.29807 211.7213 
3 201.20316 680.19354 207.482 701.0015 
3 335.85138 591.3612 344.03564 613.88 
3 225.2957 301.66382 234.53719 326.35394 
3 214.92435 336.09576 222.8281 360.8341 
3 283.2287 186.68256 291.57672 212.5951 
3 160.91034 439.6363 171.23145 464.12317 
3 514.5882 297.59525 522.7635 320.9611 
3 63.230595 627.59424 69.761185 643.9254 
3 442.34323 94.28062 455.30392 125.3422 
3 235.67589 402.67523 244.32646 428.44043 
3 202.37805 336.05374 210.33469 362.55417 
3 99.98643 598.7738 107.49796 618.32935 
3 483.45197 57.524723 492.9309 87.034836 
3 141.49362 438.77945 150.29706 461.86722 
3 370.25937 299.9034 378.07394 324.5278 
3 172.25479 679.20526 179.35138 701.15826 
3 132.6104 709.9748 140.10344 731.19855 
3 385.84677 619.429 394.20755 639.70844 
3 184.67255 533.4197 194.53589 555.32983 
3 351.7464 498.0932 359.5036 519.9545 
3 91.91204 626.15 98.68421 643.923 
3 432.95392 430.4707 442.86963 453.71912 
3 175.25633 224.97481 186.03215 254.29817 
3 101.160095 503.42355 108.710144 527.06366 
3 229.20155 622.949 236.79234 641.2461 
3 496.21658 671.8903 502.8535 693.2061 
3 195.848 500.24582 203.58308 523.59424 
3 383.3752 330.9304 391.98465 354.87405 
3 297.2032 405.46817 305.81433 427.8961 
3 425.21326 617.522 432.5277 637.943 
3 549.7718 492.18994 558.14215 517.0355 
3 575.03143 328.13712 583.5562 353.6807 
3 580.0279 398.76404 586.9482 421.19434 
3 431.37854 95.623344 440.46997 124.40557 
3 571.79755 586.4504 580.51764 607.5389 
3 560.7666 523.621 570.11743 549.48706 
3 423.97372 430.96445 432.82944 454.15494 
3 66.19759 191.79845 74.204 219.80101 
3 289.25314 680.2946 295.8848 697.9195 
3 71.388535 625.98553 79.35614 644.15045 
3 120.339584 597.53723 127.63579 616.7615 
3 438.06467 180.52116 448.74765 210.96828 
3 455.90036 432.28934 463.45364 454.7841 
3 336.0204 97.532715 344.0522 130.66348 
3 395.91006 591.69214 402.10568 608.44836 
3 152.25392 438.35162 160.29546 460.25146 
3 154.7951 303.29813 163.1629 328.85184 
3 285.98102 333.26703 294.4422 359.3369 
3 269.22202 705.99585 277.75162 725.3783 
3 331.57236 497.242 339.08408 518.5523 
3 219.20729 624.60693 227.34608 644.2954 
3 58.96171 311.45514 68.05297 330.16522 
3 248.89261 499.78812 255.51999 523.7663 
3 382.2048 299.3735 390.5471 323.94223 
3 468.3209 527.5192 476.64877 550.92633 
3 298.05786 335.13882 307.1277 359.343 
3 516.3007 431.3896 523.74896 453.31183 
3 496.18326 698.9473 504.7333 722.5108 
3 154.53493 533.1621 163.64607 556.9811 
3 100.576904 438.6745 108.40727 462.24225 
3 548.06946 430.18723 554.95667 452.46512 
3 121.36516 626.4429 128.77336 644.8983 
3 502.08783 329.3636 512.32104 357.2256 
3 383.94022 591.8104 393.01138 610.46375 
3 172.37936 407.5836 179.33466 429.09244 
3 442.68195 57.78196 451.04187 84.141975 
3 123.64418 536.38074 131.36183 557.55286 
3 54.59214 199.12012 64.46097 220.7232 
3 52.662006 688.79535 60.13667 704.1545 
3 155.07307 338.15118 163.87523 361.66168 
3 274.17007 334.741 283.0366 358.28348 
3 100.359085 625.5821 107.58571 644.38947 
3 381.34576 403.41495 388.85852 423.9728 
3 404.8899 618.996 411.84662 637.91406 
3 335.5919 61.262196 345.0693 88.387856 
3 527.02496 430.74167 534.9788 452.16568 
3 191.28522 678.4857 198.49005 700.61584 
3 163.71844 502.23398 171.00742 523.9029 
3 170.66696 623.9728 178.17099 643.71606 
3 363.368 98.86043 373.30307 129.13283 
3 371.10403 334.7799 378.9481 356.53387 
3 348.46887 705.3657 356.45856 724.6251 
3 260.37592 678.29486 267.02826 697.4223 
3 604.9644 95.033676 613.38385 120.319626 
3 39.352806 58.12181 48.775703 94.55452 
3 394.14255 300.10608 402.72165 323.37805 
3 320.31732 678.44543 327.16492 697.2461 
3 484.8385 617.022 492.1192 635.57446 
3 141.97491 682.3235 149.64905 700.7435 
3 209.88446 624.3412 217.24405 644.5032 
3 121.35216 682.6185 128.82562 701.5742 
3 455.1288 591.47577 461.64523 609.5937 
3 133.00826 535.07635 142.59517 554.934 
3 426.1815 527.4724 433.89963 548.6155 
3 542.8138 586.9669 549.5101 605.9238 
3 540.2406 328.61984 548.30835 352.9238 
3 91.28984 600.41895 98.27725 617.82544 
3 514.14734 615.5522 522.5853 636.701 
3 456.4225 496.41382 464.5127 516.26483 
3 245.8528 408.39893 252.97554 429.47205 
3 497.42725 494.79865 504.66254 517.65173 
3 316.76395 620.17267 324.03702 641.222 
3 41.817055 229.80911 49.340218 245.27863 
3 329.47864 704.1751 335.84656 724.6762 
3 199.78772 595.30786 207.00143 616.928 
3 272.97504 302.3912 282.3061 327.8834 
3 355.93076 591.9619 364.13705 612.954 
3 162.67271 707.8225 171.00984 727.614 
3 300.3678 499.0105 307.21564 520.5767 
3 223.06087 189.64003 231.50877 214.2697 
3 295.97296 222.10081 303.55188 249.53148 
3 300.67206 529.7217 309.62518 552.3485 
3 73.97276 711.26843 80.90588 728.0481 
3 454.3611 296.9728 462.68674 322.82535 
3 209.92668 682.1027 216.99907 701.57806 
3 294.44366 62.807262 305.47278 91.25518 
3 306.47504 222.33432 315.8573 249.17398 
3 143.3218 533.16077 152.46858 553.7915 
3 423.9418 401.51132 429.98264 424.48666 
3 269.0923 499.7554 276.8767 521.12146 
3 585.80304 326.8451 596.38605 352.8014 
3 446.69037 700.844 453.46667 720.6709 
3 331.96753 528.5814 338.7876 548.5797 
3 503.3477 295.0053 511.32394 321.64197 
3 172.73434 438.61276 181.87387 460.809 
3 50.7699 601.06946 57.988575 618.5399 
3 223.33403 223.35255 231.4764 251.47362 
3 515.6138 329.25876 524.39746 356.21237 
3 477.1905 329.94095 485.30865 354.74887 
3 371.44785 402.55682 379.63272 423.95154 
3 476.43127 432.5485 483.76782 453.81467 
3 250.91302 707.14075 258.2149 727.3939 
3 112.11353 503.1922 120.525734 525.89813 
3 90.987686 308.24835 101.94911 330.78375 
3 339.40097 403.06702 347.9274 427.10602 
3 359.1103 677.27264 366.88263 696.4666 
3 457.26422 676.0492 463.21014 695.1987 
3 528.13727 295.39572 535.82135 319.35257 
3 415.32608 591.1797 422.15005 610.0392 
3 243.91066 101.431816 252.76518 130.4541 
3 101.92316 191.00085 110.88518 217.42755 
3 563.2557 329.5267 572.1989 352.59268 
3 595.8609 189.46992 612.6142 237.24022 
3 26.526253 161.62814 33.534073 174.55042 
3 372.97488 528.83185 380.91104 549.7581 
3 309.52945 676.36865 317.41415 695.3678 
3 111.47095 409.01068 118.27579 430.9546 
3 307.6099 621.1316 314.58865 640.7804 
3 327.43542 620.31464 334.43707 640.2032 
3 279.12558 596.687 285.2144 613.9182 
3 477.63934 295.68094 486.30994 320.6265 
3 228.11617 596.2454 235.23167 613.77826 
3 261.45135 302.31793 269.44305 326.10913 
3 130.21558 301.8538 140.0586 329.3669 
3 200.7996 626.94586 207.04668 643.5064 
3 371.77115 591.38525 411.47037 610.85974 
3 403.27798 186.44395 409.94504 207.22646 
3 250.96272 678.1281 258.58078 699.86993 
3 189.43616 595.68854 196.44696 615.45514 
3 135.8769 62.592583 144.51482 94.62887 
3 558.7328 179.6778 569.30945 208.87228 
3 140.60188 624.70483 148.30138 644.92676 
3 24.216345 106.4675 32.48501 122.05853 
3 150.657 626.0161 157.8055 643.7987 
3 565.5218 99.63698 576.3387 122.50369 
3 226.94325 499.88953 234.75221 522.33136 
3 299.3639 435.32355 307.13757 457.4364 
3 141.15308 303.5813 151.64081 327.50818 
3 466.04858 674.0857 473.17987 693.4983 
3 418.99246 298.82608 426.49362 323.18234 
3 43.02981 288.31445 50.779415 308.6588 
3 488.6066 527.2528 496.68253 548.82275 
3 249.57231 335.8588 256.78656 361.60947 
3 82.97972 683.50104 91.584076 701.613 
3 258.93076 622.9142 265.7592 641.21704 
3 24.678629 33.596424 30.695883 46.372593 
3 39.33196 135.66249 47.754734 151.91139 
3 183.51424 406.80716 190.85133 429.84708 
3 416.04437 184.04837 425.62024 209.38873 
3 359.45862 333.59485 367.11084 357.55658 
3 207.02838 503.97357 214.60779 524.9495 
3 180.62405 623.79724 186.84741 643.69336 
3 322.57068 60.52827 330.81793 87.27998 
3 227.21007 335.81064 235.24672 356.67856 
3 89.034935 411.7843 96.97863 432.00983 
3 278.62805 436.25427 285.97498 457.3368 
3 199.8013 223.24686 208.09464 241.48264 
3 475.92795 186.86392 483.9504 208.42001 
3 446.1841 616.8893 452.2977 636.2908 
3 406.902 297.61356 415.03427 325.29794 
3 41.774734 246.85414 50.693756 263.33926 
3 501.18832 615.21497 535.97925 636.59375 
3 435.41403 590.61725 442.23862 609.7056 
3 382.89474 434.6415 391.63516 456.6268 
3 93.96467 65.18086 102.37235 92.07048 
3 539.3991 430.38367 545.7491 450.0946 
3 308.02646 591.1905 314.36935 613.1558 
3 598.3478 49.528812 604.9298 86.58656 
3 294.77512 184.67834 301.98337 213.45636 
3 341.97757 502.5252 349.43503 519.0159 
3 574.4901 613.9603 583.8297 635.0615 
3 446.64642 671.9739 453.979 694.2212 
3 131.38979 623.3158 139.67635 645.7649 
3 403.3648 526.2188 413.6928 548.94403 
3 371.648 433.13855 378.71497 448.47375 
3 202.79382 61.740383 211.70584 86.99101 
3 350.73987 432.1313 358.84283 453.31104 
3 129.15334 227.20842 136.44441 254.84071 
3 470.3728 94.38327 479.67767 123.70915 
3 479.0537 335.4897 487.34064 355.38098 
3 571.8793 521.91205 580.1904 544.3088 
3 484.61932 100.86541 494.2094 124.554726 
3 164.57704 533.4936 170.7903 548.5108 
3 153.2296 438.31323 202.2098 460.91138 
3 491.8 217.516 513.1432 247.19582 
3 308.69397 103.75996 315.80206 123.5705 
3 283.42145 63.816193 291.85016 91.101715 
3 89.607796 306.89212 96.71505 323.20114 
3 530.10114 217.40062 554.31146 244.3177 
3 278.95737 622.9083 285.5292 640.67957 
