5 230.14143 130.3393 265.5599 146.87466 
5 189.39052 557.706 203.93538 565.0684 
5 15.640808 570.13806 33.355534 578.92957 
5 328.98706 532.2811 347.58325 540.72156 
5 633.0772 523.247 650.701 531.0854 
5 301.55038 524.1487 318.4542 532.12134 
5 780.47974 4.5880895 788.6874 18.715975 
5 350.21368 435.27267 357.48083 448.75497 
5 355.6747 454.93808 363.71152 468.58383 
5 5.862425 556.37305 21.679235 564.6511 
5 230.12909 556.27277 252.04532 565.11224 
5 216.22498 661.29065 237.83328 673.057 
5 243.82794 617.8399 285.93665 634.5501 
5 350.90884 420.7354 358.6404 434.32764 
5 204.34866 560.3838 218.62338 568.8085 
5 625.82874 624.55365 636.8823 642.64557 
5 217.76471 671.1515 234.38034 679.7258 
5 788.4628 0.85169554 796.91815 12.19105 
5 367.9603 320.68085 383.7714 327.35565 
5 302.49905 415.78583 308.99155 427.83368 
5 626.6765 75.8945 633.6564 84.95245 
5 269.73032 586.35626 280.98917 611.21674 
5 258.9992 593.8528 267.25043 614.9657 
5 462.54218 321.19156 479.06274 328.40445 
