5 699.7438 339.5877 715.6061 348.33417 
5 284.8252 772.514 303.94897 785.6065 
5 689.85345 353.3963 704.5761 365.93494 
5 726.61035 387.5016 741.8425 403.81512 
5 330.40845 440.40887 347.02045 455.5423 
5 712.9949 781.88574 727.1791 796.24854 
5 550.30725 558.79443 565.353 570.8844 
5 76.62267 176.22815 83.65789 190.54547 
5 603.1943 691.4262 620.7713 700.7497 
5 188.5942 81.55287 198.74611 98.66104 
5 579.62756 596.56665 593.59265 611.3047 
5 362.5443 737.37537 378.88098 748.8949 
5 319.96857 389.0558 336.9256 401.42102 
5 544.1321 779.2044 555.21375 793.6445 
5 356.6772 317.46152 366.6374 334.68845 
5 560.51465 774.49884 572.7445 788.32806 
5 309.4968 762.3014 326.04868 774.1199 
5 531.51715 51.535645 545.1717 67.88444 
5 38.94152 234.71304 55.737793 244.08014 
5 133.22781 483.57053 149.92285 492.78488 
5 523.22675 69.92285 533.39703 83.5643 
5 37.495377 186.27808 46.56038 200.8884 
5 351.16046 706.8985 367.1175 724.559 
5 26.598778 159.41705 36.04656 175.96649 
5 125.69766 94.41639 135.10855 110.21366 
5 147.04362 91.04822 156.60646 107.287796 
5 423.3048 30.69252 433.01532 45.200874 
5 421.4177 629.3279 432.1605 644.8904 
5 150.72664 511.20093 161.63643 530.8036 
5 695.0186 346.80457 708.61115 357.72998 
5 3.2310433 411.06012 12.101799 426.38153 
5 531.8075 271.1487 543.5409 284.68942 
5 314.29028 663.4758 322.2303 679.3058 
5 318.6577 380.35944 332.53082 391.45703 
5 730.2383 294.71976 744.31287 307.33316 
5 585.4633 706.55597 600.2646 716.8249 
5 255.00159 787.7418 269.5335 798.7368 
5 423.33417 135.85976 440.73047 144.71748 
5 129.95302 466.19955 147.89003 475.64474 
5 45.593826 433.89307 55.472557 449.89294 
5 588.9403 726.16376 602.50366 740.5119 
5 138.37984 491.3729 157.15135 502.32333 
5 573.5728 700.2024 589.6801 711.6553 
5 412.53595 516.09985 421.68115 534.135 
5 336.10074 338.3444 346.2015 354.73178 
5 338.51154 663.1033 352.54694 677.359 
5 123.77005 350.1329 133.33908 368.00284 
5 312.77878 350.6711 325.84378 362.1232 
5 331.9316 200.17758 340.11343 214.4794 
5 623.0279 692.8002 637.9228 701.31433 
5 334.78937 751.2517 350.85754 762.58923 
5 654.93005 494.0027 667.1754 509.39923 
5 181.8116 570.20514 191.90984 586.78973 
5 35.18534 435.74762 44.951614 452.8064 
5 466.869 393.51938 480.39023 407.53506 
5 123.27754 240.12724 132.06897 254.97466 
5 55.460793 434.68103 64.9055 449.831 
5 597.8452 488.57056 613.6847 497.12347 
5 46.613827 402.83334 55.524082 417.86783 
5 15.990196 440.97522 24.900558 454.14557 
5 72.747345 394.35706 82.333435 411.1678 
5 322.79755 661.1587 330.69232 677.01294 
5 367.53537 622.29767 376.59103 637.4451 
5 542.859 568.52167 558.8424 581.3051 
5 417.59628 548.16003 426.95145 564.27734 
5 197.2871 79.550156 209.75725 95.00307 
5 123.824936 417.7527 133.37117 434.90662 
5 315.6452 360.175 330.08923 370.21655 
5 298.12473 234.56523 307.84213 250.47173 
5 113.49834 419.20035 123.432465 435.44974 
5 126.21671 444.98877 143.7287 455.14728 
5 115.453995 96.79665 124.20882 112.04101 
5 130.30472 381.12222 139.18832 395.50058 
5 665.56647 338.8869 676.2282 355.3228 
5 96.93424 424.4073 106.009926 440.52002 
5 372.54056 417.84897 381.4667 432.1074 
5 546.45856 726.32227 555.2271 741.1472 
5 295.72342 216.61398 304.84384 231.03278 
5 786.6611 795.9752 796.4344 800.0 
5 64.4581 395.247 72.20511 410.01105 
5 94.79976 392.62894 102.45451 406.36618 
5 362.43875 565.4892 371.70316 580.94794 
5 49.54449 167.40251 66.5493 177.22234 
5 26.474981 438.75766 35.351906 454.11453 
5 544.03046 764.3119 556.0273 774.7854 
5 410.5645 576.41595 419.15497 593.1701 
5 698.8598 789.40375 708.6098 800.0 
5 457.5098 409.81244 468.32962 423.3697 
5 63.406006 432.8371 75.673965 448.0138 
5 655.6767 274.65527 671.785 287.10052 
5 630.5836 434.64163 646.2854 445.95468 
5 105.46163 423.09552 113.77749 437.97058 
5 56.346203 400.22467 64.43215 414.97974 
5 360.21393 23.109447 367.9555 36.602486 
5 565.9833 579.62866 577.0764 593.44666 
5 206.3662 77.89261 219.46696 91.39606 
5 127.60377 455.23795 143.45714 463.06625 
5 590.2708 754.08594 602.6458 766.1721 
5 121.35372 386.961 130.85844 402.24982 
5 615.54553 721.3535 625.8821 735.49036 
5 104.67644 389.62106 113.75815 404.86673 
5 142.38147 415.4503 149.86731 429.90146 
5 111.76271 388.78345 120.86017 403.00934 
5 134.28069 128.04283 150.29161 136.28743 
5 212.77348 769.0043 223.51585 785.81055 
5 119.483574 266.93918 129.38564 283.5095 
5 133.81984 416.53375 143.32552 431.82202 
5 367.2644 262.0789 381.76514 271.56454 
5 702.20404 282.94656 712.96454 294.72116 
5 640.1353 108.58432 652.00287 124.08258 
5 499.45923 591.50793 513.1501 602.32324 
5 528.81775 750.1701 543.9369 760.83075 
5 670.8785 271.42224 678.514 280.42224 
5 436.2386 0.28570986 443.9502 9.3666115 
5 367.86505 274.67136 378.17358 291.9562 
5 481.62323 352.29877 493.36377 361.09143 
5 723.3187 787.55237 741.05835 800.0 
5 67.5205 394.97977 74.15502 409.09958 
5 215.75185 794.3373 226.47594 800.0 
