5 139.63289 587.46533 155.69026 596.4429 
5 90.421684 50.353107 96.339516 62.878117 
5 396.8167 376.14694 414.73895 386.08298 
5 720.4953 333.75363 729.51874 347.92917 
5 782.61 294.4042 798.8258 306.29306 
5 89.93734 788.9039 105.35885 798.236 
5 343.3724 721.3961 358.5992 730.0143 
5 625.30615 573.7214 641.949 584.28937 
5 626.3289 594.3023 643.3554 603.1901 
5 23.8281 253.506 42.335213 263.45377 
5 367.39008 372.01465 380.70197 380.05988 
5 236.8567 33.5316 253.09044 41.153267 
5 161.97217 375.72678 179.11606 405.64548 
5 41.440598 267.2299 55.732162 275.5004 
5 506.745 186.87888 515.0664 201.69943 
5 600.79236 587.7973 609.74866 603.57635 
5 171.80946 32.989338 180.18434 48.592266
5 29.010918 608.8263 44.18666 618.202 
5 10.04217 272.1259 25.14541 280.60703 
5 94.94494 404.98483 110.10677 414.26633 
5 33.24843 619.9685 47.84066 629.79065 
5 488.9225 341.03534 504.67926 348.7234 
5 79.67045 496.1426 96.29861 503.60593 
5 523.6284 125.55404 532.7958 140.84558 
5 651.34106 344.2176 661.3401 360.5404 
5 647.31104 319.0248 663.16675 327.24374 
5 29.466665 416.94724 44.542164 425.62692 
5 412.53677 351.8165 426.02322 360.75125 
5 239.31348 404.1716 253.76062 413.22855 
5 62.587627 436.3705 75.92303 444.4139 
5 423.96942 374.5563 438.6112 382.35147 
5 641.36884 674.268 652.75287 688.79474 
5 501.15097 153.35126 509.67056 167.4815 
5 659.7975 695.82227 674.0857 703.7561 
5 430.1307 349.64157 444.29922 357.10123 
5 86.59434 34.318256 94.95692 48.85323 
5 509.8644 51.433605 519.3313 66.96062 
5 124.90439 223.79797 134.38858 238.67648 
5 119.226814 193.24097 126.87675 208.33081 
5 545.26587 254.1539 554.5812 269.98764 
5 685.8273 330.38373 701.6124 339.31018 
5 137.85283 295.62924 146.0519 310.0098 
5 63.832005 411.9696 77.968506 420.07123 
5 479.70596 50.35106 489.04453 66.83488 
5 381.41684 473.84332 403.75943 489.53717 
5 556.15216 360.09793 565.4356 376.16104 
5 458.9849 367.72583 473.6061 376.09583 
5 3.523857 628.91925 20.506268 638.945 
5 157.10658 250.71024 164.53368 265.1122 
5 255.19272 396.9439 270.0416 404.51678
5 142.44595 323.32526 151.26306 339.42468 
5 31.694407 91.65091 45.262386 99.306625 
5 166.69553 314.23108 175.15317 328.24426 
5 105.87039 128.31763 113.31282 141.16205 
5 112.84651 24.386383 121.54419 39.84886 
5 445.56625 347.03775 458.6105 354.3536 
5 0.017035007 281.8422 8.378305 295.7665 
5 103.634094 71.584145 112.13867 86.078636 
5 262.81723 28.599033 277.3337 39.856785 
5 84.87742 17.675133 92.50088 30.979256 
5 488.74786 94.24615 496.93848 108.008995
5 723.8537 687.5889 735.76776 694.0588 
5 673.19196 340.16736 681.84015 355.14667 
5 78.60465 433.48416 91.015495 440.7369 
5 743.30444 59.40238 752.3428 75.03643 
5 170.43266 332.72476 179.75179 348.98904 
5 440.67276 371.38034 455.2184 379.76175 
5 83.39042 516.69196 91.47843 530.7275 
5 536.1712 97.059685 550.0965 106.29156 
5 725.7953 71.975296 732.4707 83.39958 
5 151.72752 231.04796 159.82124 246.23988 
5 112.65333 237.29727 126.6011 246.44324 
5 48.74596 89.064766 63.05125 97.01006 
5 131.39578 255.67705 140.26376 270.97455 
5 193.68152 42.279747 208.80771 50.062195 
5 58.755108 63.92325 72.9203 72.3506 
5 346.43402 361.5627 361.54767 371.00693
5 609.3634 574.11945 617.41895 587.1287 
5 81.34937 245.84126 96.89086 253.90727 
5 2.9701676 73.57541 18.672707 81.64952 
5 79.717705 259.4204 93.46439 266.11426 
5 13.726368 56.071583 22.699928 70.59524 
5 105.24561 515.1076 112.843834 529.3127 
5 149.00296 211.49905 157.44696 226.2261 
5 60.204506 263.15128 73.95785 271.1932 
5 116.992775 175.59232 126.54839 189.69635 
5 519.0583 188.64584 526.3505 201.2485 
5 120.9899 210.72081 128.3968 223.8928 
5 36.849766 66.78822 53.130802 76.13794 
5 220.65309 37.326107 231.55498 45.04765 
5 279.4624 395.92163 292.76093 403.04358
5 27.560518 269.40485 39.500214 277.09424 
5 548.22235 206.00372 564.21747 214.95813 
5 600.85345 472.44257 615.3112 480.5464 
5 302.94763 392.87708 316.58533 401.1632 
5 128.89122 109.3831 137.7141 125.481094 
5 668.22565 72.00002 683.3934 79.2812 
5 492.279 110.57021 500.75226 123.50422 
5 134.03754 140.78548 143.06976 154.07759 
5 77.15668 84.70416 92.60693 92.47351 
5 93.100136 256.74515 107.1807 264.70218 
5 96.85862 427.79477 109.37449 436.1971 
5 64.34467 248.11168 78.04093 256.84036 
5 634.64087 658.0789 644.7189 672.3958 
5 204.92386 63.48439 219.52225 71.04802
5 137.99385 164.73799 146.50276 178.43279
5 397.6703 354.72668 411.91455 364.00104 
5 613.58875 601.19916 623.2954 616.2763 
5 0.13878298 97.44408 11.428066 106.2124
5 147.1398 271.19864 155.85953 285.14346 
5 151.74414 377.33838 158.06558 389.63818 
5 484.872 76.73493 494.4546 89.98028 
5 528.6176 385.86078 541.01935 397.40674 
5 14.217216 95.0646 28.600006 102.53466 
5 529.6854 308.51334 538.0404 324.12155 
5 143.19374 180.9106 151.20387 194.64897
5 576.35706 420.5843 584.76086 436.93774 
5 99.172615 628.78937 112.14214 636.27264 
5 597.12897 436.1993 611.24274 444.7582
5 133.91885 273.55338 142.87964 287.21487 
5 686.7184 340.46252 693.6738 351.18488 
5 110.92357 407.61185 125.006134 415.29166 
5 176.50114 69.023285 184.26701 81.41229 
5 462.03336 345.16153 473.88962 352.0192 
5 109.87039 145.94693 119.01228 158.95337
5 243.50642 60.94872 250.83736 72.84319 
5 118.37781 165.73293 126.18297 178.0153 
5 47.364685 424.28027 57.459694 431.364
5 117.16204 158.42523 125.426 173.46979 
5 665.888 342.16968 674.7696 356.66315 
5 602.61334 531.4117 609.7692 543.5754 
5 638.5194 348.40814 646.9885 362.8114 
5 221.61865 63.526825 229.2136 74.897095 
5 322.76053 455.13412 332.8621 465.283 
5 473.4829 699.9874 485.50537 711.0631 
5 342.70438 388.4195 357.09207 395.7738 
5 120.118904 143.34256 127.54162 156.24265 
5 140.51266 41.499626 156.11261 48.993256 
5 165.04184 295.77255 177.87811 304.62686 
5 521.50977 113.993164 528.9436 124.794846 
5 115.997406 156.53085 123.686066 170.08374 
5 97.259224 87.45127 104.14596 98.797066 
5 143.99927 200.44547 153.92075 212.79028
5 160.3296 265.37088 169.15306 277.48996 
5 362.17743 381.66537 375.48004 389.0718 
5 277.73126 390.29776 290.5736 396.54025 
5 336.81958 388.13364 349.6198 395.68008 
5 156.14523 84.13188 172.23141 91.080826 
5 318.47818 391.16183 332.28946 398.72214 
5 106.44014 176.72581 115.0789 187.1592 
5 117.83861 170.18771 126.76224 185.13956 
5 164.81293 300.9188 174.32779 316.59915 
5 75.599304 266.3005 90.03749 273.1118 
5 495.42603 348.62357 507.27325 357.32346
5 598.0191 468.1468 613.1845 475.24615 
5 126.570946 416.94308 137.53891 424.23593 
