5 739.37317 202.00047 753.82874 210.20152 
5 103.98291 778.2255 121.32149 790.9305 
5 613.18195 31.570114 630.8171 40.904472 
5 766.5128 264.31372 777.21936 284.73718 
5 72.68535 411.14664 79.81264 424.8826 
5 612.1828 385.64615 622.4172 400.1486 
5 759.1496 139.20657 769.5267 158.6018 
5 35.200844 291.19565 43.086685 303.8361 
5 333.29343 79.9268 349.59402 88.74533 
5 29.292097 189.28215 38.390663 204.9323 
5 749.6435 783.2015 765.5656 793.58075 
5 302.75696 443.9795 313.6112 459.99512 
5 361.56024 41.845425 373.3109 62.343304 
5 789.2772 149.96704 798.7805 164.82388 
5 719.04846 789.0444 734.4938 796.84064 
5 743.7621 28.650951 753.2092 44.55367 
5 60.9312 357.07428 70.66763 373.21216 
5 733.0421 14.475126 742.03 28.374636 
5 390.79892 165.29646 401.00662 182.09807 
5 657.53827 428.02667 667.0147 445.82812 
5 443.72766 541.2811 452.9978 556.7905 
5 21.566805 290.2068 30.453707 305.46808 
5 647.1442 432.7962 655.75555 447.32825 
5 315.49982 488.82858 324.43494 503.50693 
5 44.676006 540.7414 53.596127 556.48175 
5 371.2412 1.7879257 379.6593 16.006884 
5 699.66907 789.6257 714.0851 797.5076 
5 588.0982 441.6956 597.3337 456.35666 
5 321.27713 284.88727 336.962 293.2577 
5 373.6217 240.60684 389.419 249.62985 
5 768.271 748.9208 782.51416 761.04626 
5 443.40988 60.626114 456.6686 70.13292 
5 509.41086 740.04565 519.7589 755.0592 
5 307.43317 113.93148 322.54102 122.83201 
5 48.316254 157.68297 63.79563 166.55693 
5 762.8303 238.39873 771.9944 253.21321 
5 546.77014 398.2917 555.8579 414.31097 
5 108.54871 650.29346 117.07903 663.7865 
5 611.02686 772.169 625.9999 782.919 
5 489.72787 774.4014 498.2814 789.42145 
5 705.10956 422.45312 714.7033 437.6125 
5 372.8247 446.2173 386.1584 458.30237 
5 736.9675 753.0805 747.25903 768.4262 
5 89.45164 152.15666 102.5713 160.18529 
5 226.41763 484.55212 244.3823 493.867 
5 413.49936 400.58038 422.08542 415.4314 
5 736.6725 102.03303 745.931 117.939995 
5 345.92993 27.023357 355.12683 42.47597 
5 596.40546 392.2021 604.91925 405.6012 
5 560.12646 58.704933 577.3179 68.008644 
5 766.75684 783.74835 782.5526 792.67584 
5 459.5306 637.53754 469.23465 649.7802 
5 50.78708 370.63974 59.855164 386.0397 
5 229.60616 503.04156 240.46611 517.8714 
5 565.73755 782.4407 575.109 796.93884 
5 450.49435 500.43307 459.12943 515.48987 
5 624.8817 434.34573 639.76465 450.83682 
5 564.2662 40.67635 580.87836 49.135227 
5 789.35626 782.13153 799.8907 790.18585 
5 312.54233 440.70493 322.0433 455.4006 
5 34.832745 226.79541 43.52512 240.15155 
5 479.2203 458.26 487.99857 472.75488 
5 3.6072218 52.88948 11.359132 65.05129 
5 771.7314 289.05695 780.1219 301.76453 
5 726.35675 418.7841 735.48773 432.20773 
5 774.4776 70.87763 788.0313 94.71639 
5 79.88597 610.0411 87.81212 624.2015 
5 770.1706 399.23532 784.3687 407.89682 
5 275.43265 478.09027 289.37527 486.34308 
5 416.00882 94.10353 429.0659 101.18576 
5 520.2495 421.6347 536.8334 430.51544 
5 40.274803 266.3165 50.511665 277.88406 
5 418.7481 257.23077 427.4579 273.23767 
5 291.58258 663.8102 309.71844 705.4834 
5 403.60095 331.16504 412.47424 345.09796 
5 637.2778 432.68134 647.0412 447.82782 
5 6.6456356 203.68285 14.54788 217.20192 
5 732.7512 82.47295 740.9165 94.403404 
5 557.5507 444.8509 565.47955 460.37378 
5 126.220116 702.0695 133.47113 714.1192 
5 13.144406 178.49178 20.675014 190.61266 
5 377.05753 44.882652 385.81833 60.807617 
5 52.356388 304.51044 60.78658 319.01453 
5 41.214897 394.3275 51.530296 411.1537 
5 463.48068 650.29095 470.44992 662.7515 
5 90.42294 122.27482 106.571 131.74924 
5 327.41928 438.57437 339.08157 451.33554 
5 451.04556 593.3427 459.3823 606.5173 
5 195.44981 501.2609 212.757 510.05228 
5 305.6843 473.61984 319.02213 481.3892 
5 66.33253 154.81798 81.29441 163.87434 
5 467.85794 707.83044 480.4882 722.4564 
5 120.6264 526.0649 128.96869 539.77423 
5 68.150795 503.5252 75.32105 516.2622 
5 4.2698903 117.98249 14.026079 135.44377 
5 430.88287 88.98921 447.74976 97.87044 
5 143.84866 783.6027 152.39328 797.87836 
5 689.76447 379.061 705.9322 387.66678 
5 296.36005 492.85455 304.03058 506.50928 
5 110.59613 710.3479 119.47035 725.9695 
5 40.998146 279.9198 52.128754 292.78223 
5 343.13666 7.8396792 352.15515 22.791397 
5 33.762177 349.41745 41.596542 361.5756 
5 291.75403 114.87953 306.18616 123.95587 
5 570.73303 396.6818 579.3519 411.70016 
5 551.2168 784.35205 562.80505 794.97424 
5 202.04413 489.404 215.65921 497.90564 
5 578.8123 64.11222 592.79584 72.28991 
5 67.39245 479.79712 76.42519 496.50568 
5 307.17014 99.65306 327.45248 108.92157 
5 365.54388 141.8032 374.09814 156.75938 
5 221.51746 505.85028 232.15671 518.544 
5 415.12753 229.2863 422.83548 244.92607 
5 191.43576 107.44799 210.26895 116.62209 
5 386.9373 76.63735 401.53995 83.8704 
5 486.04193 54.319145 501.3792 62.654808 
5 238.83804 500.7025 247.18222 515.358 
5 642.88806 769.1586 657.23926 776.9207 
5 346.2494 438.8877 360.50623 450.61707 
5 144.2521 141.55667 160.45795 149.82092 
5 52.15249 445.73996 60.40751 461.54227 
5 619.99493 380.33505 630.02606 394.85385 
5 39.25574 378.1285 47.22964 391.56015 
5 640.3477 794.87585 657.15717 800.0 
5 448.70712 575.6599 458.30466 589.00525 
5 604.47046 434.26868 617.9158 449.539 
5 457.93878 552.1587 466.66858 567.1124 
5 541.1127 449.42426 549.48706 465.22675 
5 306.9088 86.35039 319.57123 95.58298 
5 66.966835 396.0695 76.727394 410.02628 
5 545.5224 43.934113 558.1174 51.920807 
5 682.67633 426.3861 690.4909 439.77618 
5 404.798 354.05194 414.0192 368.6986 
5 364.74124 479.94012 375.32742 494.20892 
5 698.7954 758.39136 706.90454 771.79626 
5 457.0149 679.4936 474.062 690.2121 
5 412.55292 209.95209 420.25336 224.70517 
5 666.3865 428.08722 675.6426 444.66608 
5 34.74794 545.4801 43.188126 560.1256 
5 137.00072 471.7219 149.22179 488.39212 
5 472.32617 522.14185 480.3866 536.03235 
5 465.06473 619.48944 470.54642 632.1391 
5 448.37897 403.57803 457.23004 419.41263 
5 276.56305 496.01498 287.16132 508.58585 
5 408.68045 472.2584 416.97934 486.32352 
5 565.50494 444.3256 574.863 462.41312 
5 39.34495 249.7556 49.413334 262.96182 
5 27.972542 519.1961 44.987793 528.0622 
5 103.43434 624.0421 110.390274 636.4979 
5 581.21423 394.35388 591.03577 410.34247 
5 67.7022 551.0396 76.62653 565.8144 
5 129.38892 523.8374 137.26443 536.83545 
5 12.286152 225.60114 18.623627 237.38141 
5 480.55017 583.22736 488.54608 597.42804 
5 206.98645 508.40363 216.58139 522.69696 
5 518.6948 454.4186 525.81714 466.79025 
5 371.17722 173.35301 384.26614 185.76744 
5 258.91684 464.38364 274.1912 473.82217 
5 287.70963 445.4685 296.2759 460.22125 
5 399.97104 473.99155 408.97678 487.91293 
5 223.36064 101.970314 236.79695 109.38149 
5 157.49475 472.6223 166.7168 486.5678 
5 74.57456 433.65527 82.94814 448.14697 
5 533.4384 451.0493 541.1971 464.42593 
5 170.33165 516.136 179.04826 530.0917 
5 278.72195 90.048294 291.6982 97.62967 
5 275.6933 447.22745 285.59277 460.348 
5 499.88327 633.4301 513.54254 641.946 
5 416.8363 470.02386 426.961 486.49304 
5 8.178131 530.87286 28.78104 540.94965 
5 159.71143 517.88574 168.75064 532.7538 
5 71.3613 567.97986 80.117966 581.90674 
5 363.1952 465.19232 376.47815 473.5174 
5 102.046524 733.0877 111.574234 747.19025 
5 176.87224 511.66315 186.7141 527.7935 
5 596.448 439.34607 605.8142 454.14966 
5 54.506386 330.9231 64.5105 347.26917 
5 53.626484 523.65784 68.98453 532.8269 
5 19.39653 257.39258 27.327686 270.30627 
5 714.4488 421.66586 723.3824 436.01797 
5 59.958294 138.60532 71.09195 145.51501 
5 729.68256 372.3044 746.7508 381.129 
5 176.66602 135.70087 188.87064 143.40082 
5 577.82904 780.6939 591.6684 788.69867 
5 188.80847 513.8337 196.88257 527.7542 
5 458.93256 618.72754 465.01056 630.75256 
5 442.4423 373.96942 451.0084 388.96802 
5 436.1861 421.0076 444.97882 436.23972 
5 496.3047 623.4612 509.06512 631.3644 
5 96.61717 636.048 104.46561 648.6516 
5 30.61679 209.32513 41.341286 223.4338 
5 490.48407 459.21948 500.93958 473.4668 
5 61.62587 422.12247 68.44786 433.75644 
5 111.264854 474.88187 119.45841 490.09567 
5 286.3726 492.90787 295.0372 505.16293 
5 147.14984 468.2545 156.09113 483.76498 
5 215.05452 506.2369 223.73735 520.17395 
5 111.20703 527.7277 119.93274 542.2602 
5 307.78397 109.00094 322.81503 115.21894 
5 74.38566 582.92773 82.518196 595.9429 
5 384.98648 135.50804 392.79227 147.47368 
5 372.9121 476.70407 382.2143 489.49808 
5 466.04416 595.0229 473.7051 607.0767 
5 353.29596 478.69656 364.68164 492.40726 
5 425.5281 281.53076 433.4196 294.61713 
5 486.2805 600.3929 494.81924 614.9926 
5 304.21634 492.64996 312.4011 506.14148 
5 718.01465 375.22397 731.2062 382.9548 
5 749.37836 751.8198 762.0573 764.1892 
5 23.659885 228.72348 32.489037 242.49515 
5 418.31573 393.3123 427.41254 407.2357 
5 164.08702 499.67624 176.6714 507.00485 
5 446.71698 633.44073 457.5542 641.1801 
5 143.58702 132.09001 154.6674 138.99022 
5 257.33383 447.73373 267.56717 463.52408 
5 239.46819 123.013 254.18495 132.32747 
5 0.24898767 727.6513 10.090878 736.79596 
5 292.08127 87.118065 304.07816 95.210106 
5 579.5084 47.927383 590.4973 54.593254 
5 33.03931 333.0653 44.3706 346.57562 
5 505.59833 726.57635 514.7791 737.57074 
5 264.00278 501.95605 271.92294 515.2204 
5 703.1842 28.699673 714.2024 36.193707 
5 323.01837 485.21985 332.00958 500.32764 
5 692.3162 427.1006 699.7315 437.92877 
5 676.4138 750.14374 684.45935 764.1163 
5 24.086996 546.78235 31.438677 559.5574 
5 128.79025 475.55457 137.9437 492.11072 
5 409.24744 370.29807 418.16937 386.01736 
5 141.05968 770.2645 148.47404 783.1029 
5 449.11133 559.1282 457.42456 572.963 
5 79.37167 597.8563 86.64412 608.8097 
5 723.9612 373.54895 745.0122 382.9978 
5 414.61557 366.6075 424.11234 379.4672 
5 707.0545 759.3376 714.8974 769.87726 
5 103.65859 576.6118 111.1498 590.1245 
5 639.73193 386.7829 654.7189 395.30927 
5 524.65204 401.44733 534.2836 417.77307 
5 500.44604 702.193 509.22595 716.65137 
5 3.3128586 742.8383 22.109474 751.7205 
5 171.42194 469.16168 179.76807 480.80035 
5 116.86777 645.1644 125.87952 659.1941 
5 179.71576 468.0617 186.20255 479.1372 
5 784.0498 746.5605 795.6487 756.4631 
5 174.94049 469.30753 182.05392 481.06516 
5 47.51811 717.79236 60.43455 724.7483 
5 165.31334 470.58084 173.60472 483.49673 
5 441.4488 523.1387 448.61133 535.2888 
5 104.97705 788.7759 120.62128 798.2931 
5 461.34525 60.773907 478.62393 68.478905 
5 500.6932 455.14838 508.7374 469.26068 
5 512.0239 52.971024 523.70557 59.930412 
5 17.883717 238.35406 25.910782 251.25769 
5 122.94174 144.39171 140.40582 153.3781 
5 0.21553826 513.28796 6.9372005 519.71375 
5 412.97202 450.52988 425.97263 458.1653 
5 19.111404 268.89017 25.427826 281.17746 
5 660.33246 768.863 672.8049 775.5937 
5 410.8785 383.24182 421.38962 395.54742 
5 417.33392 84.72541 429.74054 92.70414 
5 70.583496 408.49658 78.51442 420.6029 
5 167.28992 469.6021 175.88257 481.70746 
5 4.2700467 21.074574 17.719648 41.162655 
5 455.50095 85.23191 468.39883 92.534584 
5 128.81851 127.141045 139.17435 134.0673 
5 100.65349 718.1589 107.99654 730.37555 
5 467.68082 669.24426 477.03445 679.5819 
5 131.03789 503.63403 143.41353 509.98004 
5 30.29538 319.57602 37.729866 330.8088 
5 1.7552767 112.87282 16.695362 135.96416 
5 578.5188 444.73453 587.77637 457.6027 
5 514.9863 764.8126 522.1655 777.97046 
5 57.797817 496.77756 64.380745 507.49734 
5 482.90945 415.3763 492.84366 425.31912 
5 484.8885 64.1255 496.74133 70.98195 
5 511.145 454.8366 519.1867 467.27667 
5 17.908255 232.66212 26.836061 248.40135 
5 391.56946 474.72372 401.0605 488.22293 
5 619.8292 44.252197 630.36475 57.563164 
5 280.3095 513.42554 294.9499 520.9276 
5 494.88037 413.2586 508.45764 422.19427 
5 446.6918 390.0686 455.27646 403.6443 
5 746.4289 779.9115 765.1766 797.5646 
5 633.4841 295.97546 644.63104 320.9989 
5 303.37262 463.96875 314.73456 473.50116 
5 140.97287 520.02496 150.38025 534.94794 
5 488.98898 80.22129 501.0477 87.39243 
5 374.6774 225.87563 386.95584 235.21916 
5 250.3723 499.0292 259.195 514.68774 
5 461.72714 698.2037 476.7628 707.5256 
5 159.96394 788.8302 166.55055 799.9691 
5 47.759293 412.8558 55.555435 425.90164 
5 751.0181 184.0728 759.6401 199.26567 
