5 565.7612 32.61248 581.4917 56.49604 
5 123.66957 661.17615 137.15953 683.1719 
5 346.808 2.3062983 361.7048 29.75771 
5 3.9847069 391.87253 57.746567 410.68283 
5 137.52275 644.25555 162.23186 656.17865 
5 371.64633 314.4632 388.27737 324.22205 
5 103.13985 662.6252 118.53516 685.83905 
5 504.15558 687.324 520.2326 706.70105 
5 400.78723 353.07065 408.8617 367.98166 
5 168.71529 696.3045 184.92339 718.45844 
5 702.12555 731.128 713.0817 752.5992 
5 463.2157 736.1975 478.28357 745.5592 
5 272.03107 571.9758 281.11218 586.7461 
5 293.34854 565.63336 302.80203 580.81134 
5 83.59112 667.9817 94.08753 684.4303 
5 447.5489 717.3105 463.36658 725.8538 
5 438.77997 703.25507 455.23303 711.33734 
5 715.2386 721.0614 737.29865 733.8384 
5 80.959816 640.3401 96.475136 649.095 
5 231.28607 652.13196 245.65436 660.95496 
5 68.644615 679.88153 82.64187 692.24445 
5 788.3854 702.5639 800.0 713.5053 
5 155.90749 698.04956 170.99431 721.4708 
5 378.9464 348.49704 393.9135 357.79483 
5 130.69357 710.404 144.09561 735.69025 
5 227.27829 608.19586 234.94131 622.4257 
5 389.22446 622.0443 399.18668 638.7174 
5 236.00615 42.28719 250.07066 49.874554 
5 431.0616 601.2698 446.6027 611.8314 
5 378.84064 630.9393 387.52643 645.14716 
5 704.6706 676.9703 725.7037 688.1165 
5 138.99078 634.72473 155.54666 644.1737 
5 465.77966 765.5481 480.59424 773.5421 
5 422.57153 558.1489 436.7094 566.35657 
5 483.91217 566.6403 493.99402 577.88434 
5 3.0515099 368.12 50.205322 390.1206 
5 307.46246 589.803 316.07184 603.50073 
5 92.60099 662.5628 106.21056 684.99176 
5 119.72993 499.6035 129.95448 513.98395 
5 445.81296 658.80255 461.09238 667.498 
5 350.66162 654.4176 365.2008 664.3352 
5 445.08386 689.7197 461.18317 698.95056 
5 301.55472 563.471 311.86435 578.6777 
5 52.505432 638.28107 67.82758 647.424 
5 515.7294 757.61865 522.3544 770.5383 
5 444.43982 672.3763 459.27393 680.81866 
5 432.9671 609.8486 446.34656 620.2243 
5 170.93375 665.93445 192.78604 675.2783 
5 51.49612 630.53815 66.2657 639.4278 
5 331.92685 560.534 339.5281 574.56134 
5 57.38056 649.63715 72.60667 658.8332 
5 113.529274 660.6399 125.683235 682.6931 
5 434.77017 617.1058 449.3801 626.54047 
5 478.63364 551.7001 488.54153 564.1206 
5 175.49443 674.2094 194.8326 683.0473 
5 59.65242 658.3889 74.22131 666.87964 
5 311.79803 563.01514 320.56476 576.9425 
5 316.63998 587.6147 325.29678 600.8532 
5 538.52716 766.91943 544.9721 778.64746 
5 484.1939 496.50864 496.41797 503.95615 
5 341.50714 562.494 348.53607 575.86255 
5 2.1493607 380.99313 54.780884 401.366 
5 355.9459 613.7747 365.76218 629.68036 
5 138.52841 681.16693 155.0564 706.4655 
5 136.82231 625.63715 158.45644 635.0539 
5 444.8388 680.79846 459.70605 689.81104 
5 319.5676 561.35815 326.89523 575.6499 
5 179.64612 682.33093 196.08716 691.0648 
5 139.73445 708.1387 152.91093 729.1008 
5 106.23036 708.28906 122.05362 729.8445 
5 429.25348 543.72485 443.5468 553.319 
5 423.01654 686.5685 430.71387 698.8579 
5 56.1899 647.3393 71.28339 656.1142 
5 317.00208 526.30896 329.71045 535.3373 
5 352.72476 662.4886 367.11868 672.7426 
5 436.36816 588.85455 449.14355 597.108 
5 496.2064 667.3197 504.28232 681.1853 
5 94.67546 706.9168 112.19063 732.9483 
5 54.454094 643.9394 69.89427 652.3908 
5 343.7409 617.0939 352.73187 632.7737 
5 490.72565 532.1107 498.84772 546.21765 
5 237.44234 605.00507 246.46294 621.0645 
5 214.19833 570.5205 266.1969 588.39795 
5 155.03256 606.8238 178.49283 616.64215 
5 489.45834 613.1959 498.44937 625.9088 
5 149.56984 705.7342 161.47408 725.61176 
5 334.40515 609.3622 341.98407 625.0901 
5 329.37952 542.88574 343.80493 549.5023 
5 87.17997 685.02 99.62916 701.99817 
5 386.51532 665.7017 397.64282 677.6612 
5 522.1668 757.76056 531.0573 770.38043 
5 518.0864 769.9009 525.5686 784.9121 
5 586.60077 692.1667 600.42194 699.6335 
5 726.66846 760.8326 735.9535 773.1766 
5 442.76355 699.6265 460.51343 711.38007 
5 414.67612 679.3823 421.37845 691.5847 
5 762.21094 720.0801 778.9441 728.3242 
5 117.03614 707.2429 131.24725 727.16895 
5 51.600708 634.7849 66.544304 643.03735 
5 481.71176 449.2906 488.68747 462.6554 
5 105.34399 692.03656 115.16938 708.8372 
5 498.32266 642.2631 506.36533 653.4566 
5 528.8918 768.38544 537.8023 780.6812 
5 451.43875 577.795 457.38248 588.1308 
5 530.60724 750.286 538.1639 765.8943 
5 471.0179 795.31793 480.59128 799.94635 
