5 509.54077 652.5296 526.40906 668.57697 
5 603.5033 473.49582 620.88086 488.97525 
5 756.1279 592.4577 773.2252 609.0441 
5 573.5175 306.8353 589.0434 320.37747 
5 719.46313 704.0588 736.5845 719.1757 
5 605.581 405.91742 621.46344 419.97345 
5 440.25986 179.51926 456.64267 194.26883 
5 693.00464 758.73413 706.84595 773.6444 
5 425.9484 539.70807 442.33994 555.8403 
5 461.75714 156.37454 478.98022 171.22958 
5 672.0509 766.3115 688.1748 781.39685 
5 681.0961 195.65195 694.06476 208.39914 
5 552.8555 635.84973 567.5179 648.6781 
5 663.8732 762.7365 679.24567 777.5755 
5 594.6474 17.43167 610.4156 32.71802 
5 21.907614 618.7484 36.580975 633.369 
5 483.00455 134.64029 499.29672 149.453 
5 760.9083 93.323204 777.18005 108.729225 
5 410.7274 209.97148 426.0768 224.55156 
5 340.99936 618.661 355.8984 632.20215 
5 578.15485 35.51866 593.58563 50.24005 
5 540.96826 434.66074 556.5121 449.06125 
5 498.37604 732.5301 513.72266 747.04865 
5 597.10345 401.2299 611.68256 414.34482 
5 426.7054 195.11986 441.84946 209.75566 
5 6.345408 635.4433 21.593775 650.2044 
5 528.0041 621.19305 543.4086 635.84796 
5 392.746 228.69681 409.19907 244.06671 
5 523.49097 679.9292 539.72876 693.6006 
5 342.80615 380.7987 357.23566 395.51605 
5 499.30777 116.60892 514.93665 131.67435 
5 459.87952 773.852 474.5404 787.59247 
5 424.58252 687.94086 441.25104 704.42474 
5 404.40823 592.0538 420.01236 606.6464 
5 587.31226 506.5174 602.24963 521.1513 
5 372.59787 462.81357 388.6512 478.7261 
5 341.93066 282.21036 356.8426 296.75558 
5 319.5044 560.8518 333.96704 575.24243 
5 517.3093 658.6172 532.63184 672.9579 
5 558.5676 79.280045 574.97754 90.812805 
5 645.14575 432.90424 658.8085 445.71063 
5 608.3771 3.257237 624.1826 17.979742 
5 501.42673 649.3612 517.0334 664.73315 
5 36.91009 625.63385 51.874714 636.9078 
5 335.2044 570.6289 352.36694 585.45593 
5 334.18405 505.67932 349.1982 520.2379 
5 95.69986 542.1006 111.986664 556.6903 
5 582.1134 180.68356 596.6494 194.74402 
5 324.47522 609.2555 339.0478 622.56384 
5 487.16583 706.8121 502.20276 720.55475 
5 781.8358 58.083054 796.3561 74.12927 
5 297.773 529.13464 314.2032 543.62744 
5 462.00754 516.35175 477.48965 531.3073 
5 66.7779 593.7657 83.092476 605.1584 
5 327.16315 564.5224 342.74994 580.10504 
5 563.63904 556.6883 579.2522 570.8422 
5 97.49045 562.3618 113.56242 572.9418 
5 80.076584 559.1865 95.952194 573.9133 
5 623.57666 548.4026 641.1727 563.5547 
5 529.96655 555.8153 543.42737 569.8367 
5 750.9785 660.223 765.2643 673.06995 
5 695.0986 716.07025 709.8023 729.992 
5 480.77542 657.6199 495.38016 671.65466 
5 577.5327 57.24472 594.0283 70.15591 
5 489.0946 662.1128 504.20636 676.09863 
5 465.723 175.91821 482.2869 187.31332 
5 34.779316 605.13995 50.11198 619.45294 
5 404.5074 657.3275 420.46167 671.03577 
5 379.56583 512.03546 394.392 525.5942 
5 413.152 596.7421 426.78525 610.00775 
5 313.1006 336.50525 329.41162 347.46313 
5 703.97925 693.5393 719.7728 708.18555 
5 304.3569 322.3507 319.57504 337.7309 
5 50.028587 590.62164 63.948753 604.3681 
5 419.79453 602.07513 436.10422 616.1109 
5 475.61545 396.71503 489.6644 410.38147 
5 483.21097 575.78766 498.4534 589.2973 
5 531.6016 684.3124 547.6579 699.17004 
5 151.35188 548.9038 167.38402 562.98425 
5 112.19521 525.4861 127.55695 540.7279 
5 131.72723 567.77423 146.00528 580.8769 
5 497.36557 666.7893 512.0163 681.64355 
5 562.1054 53.14277 577.37274 67.46334 
5 453.00854 554.0105 468.02838 568.1411 
5 135.3622 522.9085 151.45186 534.2121 
5 548.03973 613.85205 562.8763 627.2197 
5 455.69232 686.39746 469.0598 699.65796 
5 355.79758 520.8112 371.9534 534.8051 
5 440.44644 568.24506 454.3884 581.8018 
5 573.116 628.8327 588.34344 642.74176 
5 660.7091 741.9229 673.822 754.67535 
5 548.99274 67.65458 563.9074 81.0454 
5 364.3007 632.7094 377.9186 646.30865 
5 23.13327 638.51276 39.200813 650.4593 
5 417.72467 405.60742 432.3722 419.49365 
5 356.23383 561.3287 371.3877 575.95184 
5 417.98166 617.48334 432.80972 631.3719 
5 127.97462 529.1008 144.22603 540.9263 
5 382.94562 322.68875 399.68652 337.58932 
5 397.51315 652.46375 412.57755 665.85754 
5 371.5295 253.31343 386.14676 267.3547 
5 578.56836 567.93536 593.08923 581.64996 
5 520.03156 551.849 533.289 565.62317 
5 305.08994 421.67203 318.25546 434.42538 
5 132.77567 503.20676 148.53119 517.6654 
5 425.05 624.1428 438.37476 637.21655 
5 447.07327 681.953 462.05356 695.60754 
5 269.55377 571.7081 283.51428 588.10474 
5 198.81969 531.96313 212.20576 546.47314 
5 500.8273 474.6406 516.9352 489.57645 
5 375.92917 594.63257 389.13712 607.8766 
5 448.73447 570.79767 463.73532 586.5706 
5 560.8126 640.6229 574.79614 653.4834 
5 311.50162 554.71313 326.30234 568.7394 
5 591.69806 595.872 605.7238 610.5345 
5 532.3272 603.0093 547.8514 616.8467 
5 379.42935 576.57214 394.13022 591.234 
5 64.03105 575.8137 79.26068 589.83813 
5 667.8469 37.854877 683.8899 52.978497 
5 224.35133 407.6017 239.62508 421.86545 
5 318.968 328.98535 337.1998 341.02936 
5 387.80856 583.9739 401.44333 596.537 
5 306.8558 533.8362 322.0804 547.88855 
5 614.5215 542.5603 629.8563 558.3113 
5 658.8893 440.26392 675.8264 456.99768 
5 208.66554 423.5325 223.45155 437.52414 
5 191.52779 464.08823 207.59065 476.55435 
5 463.3423 690.84656 476.80994 704.8323 
5 29.475986 632.33325 45.81168 642.7888 
5 358.08063 268.9504 371.94464 281.69492 
5 475.58026 568.84393 490.6645 582.7154 
5 571.29205 645.6092 585.9616 658.7968 
5 263.4494 386.62604 278.03473 397.31018 
5 92.03666 568.96387 107.49328 580.0558 
5 188.4276 444.28488 204.14229 458.88992 
5 365.94205 590.51654 379.71817 604.0971 
5 291.044 338.467 304.34277 352.0831 
5 492.08252 579.4924 507.25366 594.6917 
5 394.99008 585.58167 411.39413 601.30383 
5 345.27716 363.79706 361.5495 378.49835 
5 465.12222 646.70605 479.45297 661.93494 
5 207.10458 538.0108 221.13461 551.23114 
5 390.1634 646.12946 404.3568 659.9273 
5 160.21811 496.73755 176.72427 508.6911 
5 479.39215 591.471 494.7069 606.9948 
5 329.56174 420.13705 343.41428 434.12515 
5 437.36798 612.09845 450.56897 625.0911 
5 536.70386 560.0905 550.131 573.57404 
5 276.52316 353.20114 291.2676 366.90036 
5 140.16757 515.2388 158.63257 527.22327 
5 433.40164 629.4618 446.9321 643.1821 
5 649.70135 563.1207 662.31586 575.5635 
5 392.2728 327.37582 407.20065 341.75497 
5 305.66245 342.9201 321.6144 353.65613 
5 703.1737 719.73096 720.48254 735.71936 
5 391.83676 604.83417 407.24203 619.6921 
5 438.52213 676.4094 452.01303 690.5055 
5 147.19257 489.54688 162.30649 503.38275 
5 546.60266 630.5764 559.5719 643.4945 
5 153.86992 504.30463 168.71019 514.8002 
5 260.60446 368.96124 275.71658 383.8117 
5 524.0479 597.41504 538.98956 611.0078 
5 42.540466 619.1924 57.894356 629.3839 
5 457.4422 643.2548 471.38367 657.5181 
5 563.0721 383.4418 579.1872 397.07205 
5 515.5567 100.05151 530.69025 115.360275 
5 566.4757 581.85974 582.20776 595.4718 
5 588.4813 120.30542 604.02576 135.5886 
5 455.16763 576.8156 470.59946 591.1551 
5 294.6615 355.5533 309.40887 366.788 
5 301.69388 485.96292 316.90512 500.10684 
5 318.04166 495.58743 332.6058 509.82083 
5 230.12929 552.01465 243.51952 565.272 
5 241.7926 390.40628 256.03345 404.04868 
5 451.98465 621.5771 464.89975 636.33 
5 227.4444 487.76572 244.14243 502.2465 
5 581.16595 393.91705 596.0926 408.64893 
5 493.0121 646.00775 507.7088 659.7691 
5 372.97763 572.0119 387.34396 586.13654 
5 729.6943 708.7535 745.62115 724.045 
5 422.5894 667.6054 435.9672 680.41034 
5 613.8607 587.216 626.4127 600.2022 
5 406.76685 547.9498 421.70172 562.6146 
5 409.13022 529.47754 425.42276 544.38794 
5 303.57935 549.67737 317.85626 563.9061 
5 325.64273 302.3173 340.26505 316.0886 
5 371.42084 376.13666 385.87115 390.58887 
5 318.49576 431.5471 333.29922 445.8823 
5 383.87402 598.6581 399.38275 613.73706 
5 307.41785 469.2522 320.8684 483.62878 
5 339.41052 422.4437 354.75714 435.11697 
5 496.236 534.40607 510.97232 548.81915 
5 296.46555 546.5283 310.86606 560.8915 
5 348.7559 513.93933 364.12704 527.90295 
5 275.69318 515.0037 290.30273 528.8088 
5 756.2287 369.56857 773.93365 385.5721 
5 415.6993 553.7048 428.144 567.70917 
5 472.85992 653.4165 487.16864 667.77014 
5 347.61795 428.11743 361.2037 440.23865 
5 346.20538 557.50433 359.83942 572.2066 
5 173.16931 462.22116 187.53995 476.44882 
5 364.73663 566.2601 379.57947 580.7232 
5 221.95976 547.9354 234.74806 560.4479 
5 171.67696 484.1615 188.33217 494.51324 
5 244.64449 407.18027 259.85773 418.33444 
5 331.78848 549.2734 345.75992 563.27594 
5 447.49252 638.6147 461.67386 653.1425 
5 471.6641 587.19 485.96536 601.73773 
5 457.52087 492.08075 474.14307 506.96143 
5 663.4634 57.59063 677.9916 70.02013 
5 381.40906 641.20374 395.63257 654.77454 
5 482.30383 510.6434 495.69562 524.11255 
5 244.44165 560.81714 259.19763 574.5868 
5 373.21255 527.20996 389.02286 542.5027 
5 641.7955 557.9202 654.4451 570.86456 
5 506.70535 603.6302 521.59406 619.736 
5 259.46927 568.98596 273.14444 584.55615 
5 540.09503 607.3929 554.4683 621.32135 
5 432.36768 562.2458 446.59387 577.42914 
5 359.54404 436.6665 375.6116 451.0537 
5 583.15765 631.6204 597.5213 647.00665 
5 409.45895 612.15155 422.02695 625.77277 
5 599.0165 210.69551 615.0868 225.84508 
5 50.250816 614.0303 63.50657 624.4215 
5 214.74239 543.3669 227.8459 556.0385 
5 414.14813 662.86005 427.67346 674.9416 
5 612.7451 776.1239 628.6394 789.60657 
5 463.2628 581.89984 479.27213 596.6722 
5 392.5372 391.3033 406.7441 405.7675 
5 441.13068 635.9566 455.5725 649.6773 
5 339.24536 552.8554 353.50232 567.4489 
5 372.0122 635.57355 386.77228 650.59894 
5 490.5259 257.8087 506.20676 272.78262 
5 430.53232 606.82434 444.09268 619.62915 
5 550.1452 570.97327 566.4655 584.8606 
5 506.28076 349.41882 521.77014 363.57153 
5 509.37668 545.92664 524.2484 560.6658 
5 403.38535 417.527 419.07114 431.0024 
5 299.4593 593.64014 312.43622 605.91077 
5 167.4335 491.1282 182.70023 501.4141 
5 719.6526 730.1034 733.431 745.7931 
5 340.865 301.78787 358.2273 314.42307 
5 350.7178 623.7972 365.40823 638.83636 
5 300.29605 348.89215 315.53427 359.48724 
5 178.8894 477.65384 194.54926 488.07077 
5 308.63022 405.54227 322.2039 418.40988 
5 724.75824 660.06104 737.94916 674.2461 
5 211.89494 493.76984 226.88924 506.8078 
5 477.8536 698.088 493.53665 714.4955 
5 264.70197 459.23465 279.15564 473.90707 
5 251.65741 565.37103 265.74188 579.4449 
5 287.756 541.9997 301.15176 556.6778 
5 361.9437 371.86688 375.68893 385.51013 
5 524.09424 533.5464 536.97595 547.6659 
5 123.83278 536.6283 138.37962 547.27136 
5 215.1778 440.63382 230.9682 452.3848 
5 538.1604 624.6137 553.3633 640.064 
5 237.57664 492.33054 251.71416 506.08365 
5 629.6294 598.0226 644.0165 610.6249 
5 294.62497 481.30032 308.9711 494.37582 
5 513.199 674.87244 527.38904 689.9166 
5 544.796 566.27856 557.91846 577.92834 
5 742.7331 654.93036 755.3929 668.1639 
5 248.8858 518.0742 263.66992 532.73083 
5 401.6224 607.9738 416.61417 621.26544 
5 350.25223 384.06625 368.189 400.32498 
5 466.9496 562.85754 481.81403 578.3252 
5 347.60272 296.53516 366.07782 307.34552 
5 161.77542 476.64072 174.24203 489.68967 
5 430.16187 671.4223 444.33636 685.01117 
5 265.01932 528.1807 278.56107 541.62885 
5 495.90393 711.61835 509.19226 723.457 
5 219.35458 500.71252 231.64343 512.47516 
5 360.93073 586.5425 373.72546 600.4866 
5 292.53574 589.93365 306.15012 602.75104 
5 397.27142 543.1697 411.9555 555.82434 
5 424.0821 557.07764 438.14746 572.4772 
5 667.25336 556.7668 680.3431 571.92865 
5 564.3727 622.3259 579.3745 636.9059 
5 443.52325 615.3909 457.1787 629.77545 
5 335.6734 374.82993 349.63885 387.79715 
5 240.37123 514.8233 252.9121 528.94403 
5 291.40146 525.37195 306.0491 538.9645 
5 488.1718 597.29645 504.2304 612.32245 
5 786.11127 633.6986 799.5616 648.44763 
5 86.864105 574.9056 99.79648 585.837 
5 443.7987 548.49567 458.05804 564.4766 
5 312.1067 425.73856 325.0777 439.4128 
5 186.08966 470.08606 201.22708 482.39905 
5 540.6353 156.89426 557.48627 171.85114 
5 288.4139 363.05823 303.02994 374.3474 
5 284.53238 455.04675 296.52426 469.28668 
5 198.25159 458.45685 213.63782 468.07495 
5 283.91257 584.8503 298.36917 599.0745 
5 476.34497 636.3078 489.89075 649.6507 
5 556.5595 618.6117 569.05914 632.5497 
5 483.49823 639.9523 498.58636 654.272 
5 352.22876 579.6296 366.60938 594.9102 
5 237.41066 555.6964 250.34892 569.4392 
5 599.55206 599.53406 612.99054 613.40967 
5 308.9259 597.408 322.85797 610.87177 
5 597.77844 577.3427 611.1843 589.7745 
5 499.04224 583.6584 512.8721 598.6054 
5 390.1934 537.52826 405.74612 550.6412 
5 538.848 691.27905 553.0718 704.50305 
5 324.42792 322.75287 341.15698 332.9723 
5 109.498474 545.8136 126.29224 558.5249 
5 583.3756 589.40076 596.9281 604.3336 
5 469.15256 694.69073 482.70724 709.2576 
5 576.015 586.01245 591.8606 601.52747 
5 380.69733 531.67914 396.40045 547.39545 
5 257.14407 522.1268 271.15482 535.8758 
5 525.1572 667.757 540.828 680.8011 
5 206.5708 445.40787 222.03345 457.73807 
5 529.62427 85.29393 545.3696 100.61174 
5 589.11584 571.67194 604.53357 587.09344 
5 421.5027 490.91132 437.34393 505.30066 
5 682.81836 707.54456 695.2151 720.1172 
5 331.49176 316.6095 346.32697 326.93866 
5 254.89813 393.32495 271.75885 405.864 
5 505.24203 671.39606 520.3461 685.96783 
5 245.20161 498.47122 258.02924 510.834 
5 226.58772 426.09216 243.53429 436.78516 
5 380.57806 403.6316 395.02777 417.8181 
5 470.76154 246.4499 486.06018 260.9453 
5 55.65627 607.00916 70.10894 617.6572 
5 261.23022 504.81342 273.84637 517.7576 
5 101.55712 555.2483 117.75739 565.1361 
5 612.45337 134.34557 627.5563 149.23494 
5 219.76646 432.375 237.94658 443.72913 
5 60.25289 599.78796 74.0592 610.9679 
5 633.86414 551.5786 646.9397 566.4071 
5 9.25697 651.5255 25.88316 663.7782 
5 467.4203 628.54364 483.9964 642.8099 
5 251.8646 501.33014 265.33762 515.07935 
5 656.34955 566.5289 669.57135 580.1326 
5 259.42865 455.45807 272.875 469.63983 
5 538.9496 540.50165 554.5906 555.29474 
5 495.11606 599.71704 511.1154 615.49695 
5 315.0054 408.40683 329.97684 422.2889 
5 78.172195 581.92847 94.52757 592.1609 
5 660.01013 33.89251 675.07605 48.048897 
5 486.39877 530.2972 499.72665 544.0556 
5 248.31471 399.84134 265.91077 410.86655 
5 577.0962 647.34283 592.71924 660.4097 
5 386.62354 258.26944 403.04303 269.9075 
5 330.23645 612.291 345.35754 626.4426 
5 72.93985 586.35925 89.4651 595.9442 
5 114.20828 541.1561 129.15297 553.1278 
5 211.66293 446.0222 225.43033 456.05862 
5 373.1251 398.64005 387.28207 411.42032 
5 15.841956 643.9483 32.900158 655.5367 
5 777.07214 628.8182 789.1212 642.57916 
5 276.419 579.9207 290.5293 593.6795 
5 405.37845 526.51013 420.79312 541.34924 
5 554.6118 687.968 567.6504 700.56995 
5 233.34615 419.16327 246.22014 429.20007 
5 248.91672 499.49756 261.56668 512.92755 
5 659.38464 565.89667 675.65894 580.747 
5 317.71124 604.7605 330.5324 616.5969 
5 232.98247 509.20535 246.80717 524.6016 
5 263.37408 363.82147 299.9809 397.1812 
5 660.1363 551.6113 673.54926 565.9613 
5 157.78995 500.05377 173.0704 510.72186 
5 513.78827 589.84576 527.9527 604.12604 
5 633.2569 743.3701 653.894 757.7593 
5 635.6872 83.050415 650.55023 97.76422 
5 324.17023 542.6699 337.8952 556.7278 
5 298.3316 351.70157 312.76123 362.00497 
5 632.9678 471.96616 648.71387 485.53476 
5 503.3034 714.6593 518.4795 727.702 
5 359.4372 390.53598 374.00342 404.05826 
5 469.16235 767.862 491.7058 792.7181 
5 651.5275 544.50244 665.99835 559.6526 
5 320.34995 546.8104 335.9833 561.5121 
5 203.66727 455.41022 218.80783 465.00568 
5 278.8791 451.10385 289.6291 465.9191 
5 476.59378 439.42072 486.87955 451.47992 
5 755.3856 359.2095 786.9293 387.32834 
5 420.75427 297.10828 435.16888 311.07892 
5 297.58392 414.59778 310.52405 428.3109 
