5 68.61653 257.6904 85.872925 269.31754 
5 506.0058 503.40857 535.6165 526.29663 
5 418.30005 644.1524 441.45398 665.91486 
5 132.70009 429.17722 150.24858 441.67294 
5 54.886497 262.45193 78.9441 277.48172 
5 428.85553 674.68774 475.74225 722.16016 
5 48.239223 404.84073 66.73875 418.48434 
5 173.74483 383.4398 191.56514 397.04068 
5 392.88477 699.0052 410.14752 715.20184 
5 69.30786 292.21304 86.458954 304.70328 
5 35.090042 331.86542 53.445534 344.6405 
5 127.78394 404.79913 146.96463 418.34375 
5 773.4118 597.78577 786.6042 611.60266 
5 631.1029 530.1929 650.24585 541.9142 
5 138.04788 423.12894 156.01761 435.01468 
5 345.6414 754.435 359.56888 769.5068 
5 92.90972 385.65152 110.65414 397.24973 
5 156.865 402.58115 174.82237 414.78262 
5 33.1866 505.13095 51.19628 517.1124 
5 100.24208 378.80078 116.969086 391.13324 
5 119.36348 358.53482 137.41756 369.41428 
5 157.61597 374.70065 173.96661 386.98367 
5 114.72696 278.0727 132.27435 292.3922 
5 765.1323 593.7149 780.349 607.7464 
5 30.479984 424.1026 49.57481 438.5428 
5 186.13528 371.63235 205.7229 385.1456 
5 144.35469 414.96008 162.77852 427.9673 
5 73.045586 490.23254 91.74859 503.54907 
5 377.14404 694.51105 393.6363 712.9478 
5 61.618668 471.5709 80.09573 485.8453 
5 394.8459 404.61072 410.29834 420.85492 
5 7.0150366 449.45428 24.221966 462.38586 
5 673.9614 594.1856 708.22034 618.22284 
5 149.29416 381.96027 167.45844 395.7624 
5 162.28299 450.25095 178.39172 462.73056 
5 583.3379 500.9081 594.10974 517.20776 
5 623.93756 548.2253 644.5367 561.2836 
5 193.34183 337.98978 211.52487 351.26486 
5 111.38724 423.9054 128.48892 437.65784 
5 81.04477 366.1867 99.51784 380.8145 
5 65.22882 551.6077 83.23938 563.55096 
5 757.3387 588.45026 772.7181 602.512 
5 668.19385 536.0552 683.5786 550.7927 
5 340.37125 372.91467 356.56332 384.75153 
5 132.16502 319.48392 148.86217 332.2067 
5 169.99141 354.94077 191.56294 370.32742 
5 51.02303 484.02948 67.93582 497.32684 
5 21.451166 429.1976 41.27958 443.14255 
5 61.807625 297.9193 80.86028 312.5078 
5 328.51068 387.27542 344.39935 400.07645 
5 20.318687 514.33966 39.18419 529.5069 
5 125.89882 351.3999 142.25603 363.22015 
5 131.88551 341.1015 150.67079 354.77972 
5 119.70478 409.32104 137.15329 423.08984 
5 781.9342 748.0307 797.93884 759.9858 
5 21.695934 595.32623 37.858475 606.83234 
5 781.21 602.1365 794.23773 616.30994 
5 42.56439 323.1777 60.019367 335.415 
5 79.60014 454.0369 98.05806 466.45523 
5 357.93686 718.15845 377.6326 733.2883 
5 71.70601 380.3442 88.491425 392.79953 
5 66.43405 496.62228 84.40622 508.16312 
5 54.496597 390.0253 79.9324 406.8705 
5 481.8624 497.27533 498.16006 510.31555 
5 156.39137 457.24817 173.45592 469.1018 
5 36.723465 583.5824 50.95369 594.322 
5 48.055637 311.6488 65.754845 324.69696 
5 27.776371 588.73474 42.632404 601.16394 
5 100.52049 513.6799 118.8082 526.0535 
5 590.3214 503.45255 603.47986 520.20636 
5 371.79614 392.0034 384.75836 406.6207 
5 612.3083 509.29913 623.63983 524.41583 
5 73.29797 546.3841 90.55441 558.758 
5 86.27625 391.98068 103.10775 404.26126 
5 43.569286 491.3092 63.00945 506.59357 
5 42.5085 522.86835 60.24901 535.20416 
5 441.56918 434.47076 455.26822 449.02008 
5 76.92752 287.4295 94.81108 299.604 
5 186.43828 344.41864 204.18733 355.87933 
5 659.58624 530.3073 674.4328 544.57513 
5 297.05026 377.30505 318.13162 387.56366 
5 411.45297 414.2179 425.45822 427.70392 
5 159.96762 315.46353 176.01678 327.58572 
5 105.933075 505.98776 124.49565 519.20105 
5 473.52713 452.8647 487.33475 467.11584 
5 41.497272 412.8546 59.399845 426.9132 
5 553.52576 493.06952 566.5509 511.40356 
5 48.64119 515.29803 67.918274 527.7973 
5 393.74023 748.646 414.96893 761.8425 
5 135.09251 476.89508 153.41188 489.72607 
5 163.28023 365.4731 181.23643 378.84952 
5 93.20471 519.0597 110.60649 531.99927 
5 151.27106 408.8554 168.82132 421.4511 
5 112.15556 453.67056 128.73277 467.4 
5 391.12125 437.90762 407.2593 449.80087 
5 601.6347 505.16022 612.5716 521.3942 
5 563.21344 497.10944 577.7398 514.2844 
5 119.80088 491.93167 138.6896 507.01297 
5 356.11255 417.2046 372.3141 430.67682 
5 481.86685 456.3628 496.30588 471.88342 
5 347.0093 397.43597 368.53757 412.73285 
5 87.53777 443.41925 108.729225 458.35352 
5 164.73335 394.30853 181.26341 406.24152 
5 100.24665 433.93027 118.210396 447.8942 
5 94.57694 356.31628 110.55767 368.83246 
5 128.02144 484.49194 148.77708 498.5266 
5 13.8380575 605.07495 31.020672 619.6616 
5 110.168274 365.53162 131.12059 377.34637 
5 404.0856 409.81573 417.079 423.5979 
5 86.3729 525.4511 102.65838 537.83844 
5 788.03174 605.2839 799.8458 619.26764 
5 490.85202 460.12027 503.3087 475.3867 
5 418.30853 419.84775 433.57715 433.87784 
5 379.33936 448.85175 394.53113 461.96234 
5 92.26164 470.83887 109.405685 482.19147 
5 648.2332 571.62396 661.0761 583.9472 
5 736.0451 574.7945 749.3819 589.4084 
5 557.8495 526.1324 574.82947 542.0101 
5 36.4821 531.84827 55.987793 544.29785 
5 531.8803 484.8218 544.69293 498.60538 
5 100.50444 349.55658 117.6817 362.33032 
5 58.76924 556.2523 75.759705 568.70703 
5 728.1061 569.3307 740.3655 584.04126 
5 351.1024 726.09186 367.30142 737.7303 
5 16.144714 436.24844 34.67864 449.61618 
5 686.45154 546.7958 699.94604 561.6089 
5 749.6823 584.0974 764.56744 597.834 
5 326.00586 363.64157 340.10547 376.22684 
5 519.25726 477.8057 534.8121 493.7772 
5 52.21126 562.57385 69.04871 574.66907 
5 82.10051 279.92972 100.69229 293.6583 
5 79.42259 483.57632 98.31024 496.73996 
5 139.53342 392.87952 156.17093 405.32043 
5 142.19252 469.7585 160.98799 483.06168 
5 695.3915 551.222 709.7401 564.9925 
5 169.86009 519.9317 188.45409 532.4062 
5 20.32981 544.9633 37.728157 558.1254 
5 319.74814 357.9087 333.35715 370.76233 
5 40.751217 576.5826 58.551334 589.68353 
5 251.46141 362.51938 267.9893 378.57626 
5 7.974126 525.6791 25.871902 539.95056 
5 152.62236 321.21686 167.04564 331.85065 
5 13.57334 519.4604 31.290966 533.804 
5 27.376621 538.1464 45.467793 551.15106 
5 347.4849 377.1822 362.11478 390.37567 
5 141.05008 334.30707 157.75757 346.15924 
5 14.957779 551.64874 31.843853 563.3809 
5 363.59055 388.05753 376.78793 402.21768 
5 280.75937 335.96393 293.2449 348.54388 
5 621.71875 513.371 633.30615 529.1223 
5 572.2787 499.63046 585.75415 516.2636 
5 46.226524 569.1279 62.97316 580.92346 
5 254.03172 319.87497 270.23276 333.8353 
5 541.0227 490.02695 555.03064 505.78232 
5 102.775116 458.49176 122.84018 472.60535 
5 2.326747 532.8252 18.547596 546.49805 
5 111.11915 336.66345 128.86395 349.70013 
5 149.3514 463.0803 168.21645 475.86826 
5 322.52805 416.65582 337.80698 429.8683 
5 355.31747 381.6668 369.0212 396.34235 
5 9.665664 558.06537 26.853966 569.9411 
5 179.92477 351.03717 198.29788 363.18036 
5 6.8562536 612.1497 24.856213 625.0169 
5 716.7343 565.36237 730.7033 580.74347 
5 97.876595 464.7876 115.77825 477.79352 
5 262.07028 325.28693 278.1252 339.62793 
5 786.50385 659.79944 798.1971 674.063 
5 118.64165 332.12582 137.40996 342.84262 
5 316.46262 409.2714 329.7471 422.3212 
5 264.0651 379.4204 277.6218 394.06177 
5 76.55478 535.4116 97.613266 550.7097 
5 484.2019 611.1128 497.6325 625.0967 
5 61.170002 502.60214 78.70711 514.9724 
5 471.79276 506.5003 486.08206 519.4338 
5 450.82092 437.67117 464.51898 452.37814 
5 511.8357 474.6529 524.9967 488.19324 
5 106.67079 343.3793 123.075134 356.43185 
5 677.2745 540.42676 693.1746 555.15063 
5 127.29362 434.85443 144.59518 446.9496 
5 466.56067 448.43228 478.61554 461.21475 
5 428.39218 426.05566 440.94437 439.1996 
5 786.4914 740.44904 799.83527 751.1799 
5 386.89862 756.11005 405.76807 768.9913 
5 122.09721 440.02884 139.93684 452.967 
5 332.76184 370.02127 345.4892 382.52377 
5 92.17451 275.92456 109.136116 286.62775 
5 310.16177 404.15112 322.16812 416.97778 
5 146.14105 327.949 163.04044 339.26657 
5 657.744 577.9803 670.0283 589.6557 
5 308.65057 353.72952 323.2459 367.71976 
5 121.495155 323.96466 140.16354 336.25226 
5 114.40661 446.52573 132.67285 459.6293 
5 187.40018 502.9854 207.42581 516.58453 
5 270.76718 329.83237 285.4742 344.56937 
5 0.3447733 619.97906 15.6454525 631.6962 
5 379.34225 396.3346 392.73843 411.23077 
5 457.37204 441.2115 471.58206 456.83734 
5 433.8018 429.50278 446.34146 444.19772 
5 0.0 548.34534 9.525749 560.1111 
5 176.35323 512.97797 192.91188 523.8527 
5 285.49094 338.95825 299.42746 351.9552 
5 5.4028444 565.3338 21.04113 576.00446 
5 83.997894 475.93518 100.69519 488.28583 
5 116.61226 501.90228 134.0567 516.0673 
5 293.23132 345.57047 306.48425 359.01157 
5 740.7891 578.7044 754.8405 592.02264 
5 298.21393 348.0888 313.48053 364.21936 
5 128.48004 562.1357 149.12048 575.7753 
5 324.7466 766.74414 340.20663 779.79175 
5 665.5282 584.0779 678.5477 595.7261 
5 484.65674 638.31055 500.46674 651.63513 
5 181.56233 483.30942 203.98451 500.6744 
5 54.686333 507.9691 72.223785 520.3117 
5 701.0464 554.4747 715.275 566.6197 
5 46.240143 637.8351 63.616478 654.55225 
5 0.21052265 702.5886 14.367423 711.79407 
5 160.11673 400.4434 175.87802 410.65543 
5 332.19418 421.0432 349.0906 433.4095 
5 474.8494 593.5903 495.58932 611.94415 
5 386.68875 399.5096 400.59433 415.07755 
5 710.71356 559.63617 725.63214 574.1667 
5 0.5725355 578.0247 11.296784 589.09674 
5 512.16766 494.59293 527.61115 507.04593 
5 363.6402 710.6337 380.54883 725.87555 
5 0.13083076 629.9556 11.2996435 640.96625 
5 453.9704 493.0932 471.25037 503.3885 
5 23.398724 542.59265 40.296448 554.96655 
5 99.524124 584.72534 118.9171 598.45654 
5 41.841652 631.1293 56.779823 648.1743 
5 505.54764 468.81516 519.9641 483.8295 
5 506.3222 549.6028 530.0981 573.8297 
5 371.83948 444.26065 384.84918 457.64688 
5 16.31975 548.112 34.633675 560.70233 
5 480.38983 650.28534 491.11884 660.9559 
5 495.55188 463.23648 509.36273 479.07327 
5 352.6629 428.46872 365.70496 440.6569 
5 746.9211 635.797 760.2437 646.4728 
5 407.8412 412.6273 421.98328 425.9006 
5 726.4676 621.16223 736.9621 633.5924 
5 500.36542 522.4365 524.9377 539.103 
5 76.77113 486.34085 94.52612 498.97482 
5 398.65408 735.9588 413.0057 746.46954 
5 629.6614 516.0754 641.6493 530.0914 
5 118.118286 498.72025 136.25865 510.52798 
5 131.8727 548.29456 146.83034 560.55676 
5 743.02875 631.78754 758.7896 644.0214 
5 672.4211 589.3611 684.9837 600.94116 
5 756.41675 638.71906 770.2572 650.95197 
