5 479.3525 640.3514 509.61905 656.9849 
5 615.59393 721.036 634.9438 733.5941 
5 766.2372 732.6256 796.89966 745.10266 
5 92.53386 256.0287 107.68149 273.3015 
5 294.9926 35.882423 309.21246 61.5073 
5 576.3347 695.9744 589.8424 710.2442 
5 587.8736 673.4355 597.1226 690.13873 
5 144.02216 548.4327 169.14255 559.68475 
5 68.28302 306.49475 81.48764 324.17242 
5 82.611275 243.77994 97.10816 262.73288 
5 81.48308 526.0165 91.25401 543.2782 
5 206.66272 567.51794 224.44843 576.25806 
5 14.73044 544.62024 31.79053 554.1636 
5 630.4059 612.13965 648.6609 620.615 
5 659.48016 612.79144 677.6949 622.44696 
5 259.30106 85.28081 269.69998 99.698395 
5 287.55734 3.774424 299.69016 18.25445 
5 570.7689 662.02094 580.05164 676.2303 
5 295.6725 8.266339 306.73822 24.469173 
5 269.5098 50.420242 282.88467 70.00015 
5 105.50603 275.1455 127.1656 282.86212 
5 572.72095 678.79144 582.2047 693.86285 
5 73.459816 327.01978 86.144966 340.83356 
5 41.99969 315.65936 59.32967 341.20355 
5 91.08323 227.4171 105.43113 243.55293 
5 70.64928 242.04825 81.41278 257.96515 
5 109.40308 265.83386 131.25095 274.1164 
5 81.49561 295.52457 94.14983 317.3654 
5 235.14255 139.67244 253.64227 172.26274 
5 105.919495 283.40854 127.62775 293.63174 
5 234.01672 164.33745 246.9787 172.21507 
5 84.9621 270.6504 98.65912 290.75336 
5 97.74522 291.9378 123.9327 304.47235 
5 74.43248 264.70215 87.398865 278.09937 
5 100.38049 530.1741 113.51694 549.51587 
5 612.4927 619.17175 643.15955 629.68787 
5 31.042545 342.43994 45.452938 362.24023 
5 122.56201 239.40407 142.21072 266.8269 
