5 103.25077 204.90636 117.22013 229.86742 
5 185.2641 517.778 215.14975 546.67633 
5 122.72682 547.64526 140.6632 568.9033 
5 673.81226 268.55017 730.01794 295.95746 
5 355.95184 354.97568 390.23492 375.26926 
5 313.94666 394.72772 330.18866 405.86725 
5 528.0549 401.53275 540.52106 419.215 
5 481.65363 149.98099 494.27948 165.52728 
5 246.04741 460.60553 262.00104 473.11786 
5 127.91883 162.00679 137.1772 177.75511 
5 377.3386 11.955971 390.73953 25.014126 
5 496.38193 355.55573 512.5514 365.83264 
5 587.1826 280.848 609.2782 293.62405 
5 357.03455 412.70654 373.88995 424.04108 
5 32.943336 778.4807 43.468063 792.71094
5 419.7207 45.244747 432.8427 59.03535 
5 71.15791 695.19116 80.66237 710.16516
5 126.371086 98.86282 135.49562 113.98944 
5 463.5253 115.14116 477.30453 128.99449 
5 138.83733 36.850937 148.52702 52.998337 
5 757.83813 555.56287 776.46313 595.1116 
5 725.9705 326.57227 745.3017 370.40594 
5 53.04242 472.10693 63.42907 488.2744 
5 21.085056 688.24493 33.473564 707.33575 
5 169.3035 495.49176 182.29257 509.24414 
5 290.97055 432.77548 306.40158 443.67935 
5 432.43417 378.57022 450.08163 388.93472 
5 656.67975 278.04553 674.9653 288.2663 
5 650.6281 468.1588 666.544 479.65045
5 698.1507 242.21208 714.7076 252.60161 
5 350.0118 684.1013 371.04788 705.157 
5 784.9971 119.387596 794.381 136.00443 
5 135.60027 124.396866 146.11073 139.11925 
5 695.2964 102.868065 714.9275 143.24963 
5 706.7015 178.04192 724.27325 213.57841 
5 639.39386 634.72516 657.90106 643.25055 
5 42.01355 747.8744 52.231735 763.42334 
5 591.17426 312.0483 607.9842 323.4415 
5 691.35474 66.169266 707.54175 105.41943 
5 375.19672 389.23587 392.8081 399.8071
5 80.91867 386.35352 90.22757 402.60754 
5 29.350931 547.59955 43.810013 561.13336 
5 294.56802 755.9557 306.15298 767.57434 
5 307.82217 720.22186 321.78793 734.21954 
5 70.5285 657.7316 81.23729 671.445 
5 462.93323 536.03174 476.64203 550.17773 
5 693.8598 36.85364 710.497 46.130795 
5 516.02405 394.10526 526.1942 409.60098 
5 571.4043 763.859 586.3047 771.14575 
5 636.7332 664.64386 653.4814 673.06744 
5 687.2891 615.21875 695.45685 629.2759 
5 779.0624 693.1271 793.2201 732.07275 
5 747.32275 479.05328 764.20825 520.4725 
5 575.3661 752.0644 591.88025 760.1646 
5 504.03635 314.26938 521.6828 324.83878 
5 416.4449 372.53183 431.4231 382.21805 
5 783.22406 741.20404 799.6286 797.039 
5 497.61548 151.8351 508.7995 166.41057 
5 700.67944 141.39755 720.063 181.2214 
5 765.3686 595.24493 781.4251 631.2093 
5 20.53004 640.00165 30.00615 654.2834
5 56.14063 709.31995 64.883026 724.10767 
5 674.6291 570.7671 683.7172 586.26636 
5 169.60895 536.9127 180.9075 548.79663 
5 12.662102 591.4156 22.814888 607.78253 
5 118.44804 634.3304 127.709145 648.0683 
5 625.51855 777.584 635.699 792.73425 
5 116.80426 669.67584 128.21925 687.2872 
5 750.77014 520.17786 770.4696 557.92615 
5 686.5665 629.74207 694.3142 643.55444 
5 770.4257 635.35254 787.6286 679.5193 
5 723.05524 295.08893 739.6066 331.57428 
5 731.11676 253.81396 745.4936 262.8546 
5 5.267314 0.6057043 24.79766 9.448395 
5 730.13007 463.16202 741.54083 487.67233 
5 682.306 652.6516 692.1044 666.53577 
5 615.9932 653.625 634.3327 661.99255 
5 676.41296 683.17633 685.2317 695.7056
5 717.4554 486.27844 727.27277 504.49573 
5 566.15326 0.8037951 584.1911 5.2185764 
5 678.91925 73.342255 687.22284 89.92676 
5 700.5104 139.82413 723.99927 215.51501 
5 683.2611 628.12494 691.94604 642.54767 
5 684.0959 600.5508 694.4598 612.9614 
5 723.2177 292.39984 745.0169 373.37378 
5 572.897 758.41547 587.72107 766.7298 
5 573.8573 757.27264 589.5453 763.5207 
5 41.735527 591.1343 51.3892 600.9254 
5 752.06714 516.79535 776.58276 598.48065
5 603.9576 654.9022 616.5816 663.08545 
5 670.2224 0.6235709 678.5746 11.528135 
5 743.7704 455.93903 759.13184 481.26917 
5 608.1714 745.8544 626.7329 755.454 
5 675.70013 698.9597 685.3017 711.85596 
