5 622.2687 736.07416 635.8816 752.2619 
5 357.29395 473.30273 380.7102 482.40356 
5 337.41324 402.9394 378.01627 418.73273 
5 607.2778 453.465 620.0278 469.381 
5 186.26538 504.9918 210.21939 516.3738 
5 239.06941 137.2252 250.49507 153.64952 
5 336.08682 391.67065 371.4919 404.55487 
5 294.1421 318.1723 307.46014 332.3393 
5 430.03195 461.60342 449.6138 470.3491 
5 347.27194 415.3635 381.44376 426.81082 
5 517.38104 113.90015 528.9455 130.67825 
5 9.01182 377.33453 20.946453 391.2765 
5 707.9428 763.439 728.3304 772.5496 
5 367.71683 456.04434 377.47018 469.41452 
5 607.28314 706.76056 618.52814 720.1657 
5 6.27124 362.28738 17.538164 377.5043 
5 573.1366 276.9176 583.9579 290.94238 
5 125.76279 424.31934 162.50964 436.81708 
5 228.24258 78.9334 239.0311 93.93833 
5 435.42242 82.7569 455.89978 91.69333 
5 680.2787 781.4965 697.5443 790.7928 
5 214.76317 21.224709 226.60863 35.41668 
5 224.02374 60.907322 236.05627 78.08534 
5 236.0882 119.70185 247.0856 135.06955 
5 208.5244 240.76352 228.30135 250.30872 
5 217.5357 35.640724 231.1969 51.099182 
5 162.57196 244.69087 184.3153 253.34251 
5 291.578 301.17844 304.04413 316.19394 
5 2.0232697 327.62668 15.271921 342.30307 
5 326.63013 438.3049 339.91504 456.28732 
5 321.2227 421.6786 334.21744 436.7763 
5 287.90338 284.32947 300.97113 298.78833 
5 571.58105 362.92746 595.37524 373.84146 
5 280.8825 253.88544 292.70184 268.8625 
5 248.42384 366.7327 267.88986 375.23007 
5 12.491106 390.68823 23.054136 404.42853 
5 237.99034 238.06306 259.9374 246.83174 
5 180.48778 424.19025 201.97472 434.03625 
5 132.7611 246.54698 154.3322 254.89064 
5 382.44922 452.165 393.9801 466.83975 
5 298.98874 333.556 311.58133 348.74356 
5 747.2628 760.95233 787.058 781.76117 
5 0.55625105 307.8623 8.718702 325.5971 
5 0.21947026 311.01715 7.0097294 321.35767 
5 630.7688 790.1798 651.8677 799.95654 
5 3.0517683 189.01184 18.832706 197.19165 
5 0.103170216 299.1429 1.9725041 305.77994 
5 356.47543 485.55002 369.1152 498.87924 
5 0.014593124 379.89307 6.475633 398.39917 
5 0.49995637 421.61844 7.743787 433.12442 
5 759.6198 775.69446 800.0 799.28796 
5 576.12024 382.1462 595.9209 389.97775 
5 61.23532 296.19348 80.68187 303.62592 
