5 467.32172 320.91898 475.56665 336.33768 
5 529.4448 328.18933 547.43787 348.0852 
5 777.884 377.40176 789.6259 394.21298 
5 762.1491 758.06995 774.5363 774.84265 
5 448.29294 281.41986 459.71695 298.18152 
5 440.91507 317.30362 452.0186 334.21335 
5 164.21465 482.735 195.73878 493.63953 
5 421.68835 616.48346 443.22638 626.1329 
5 409.8463 281.58588 424.6609 302.018 
5 639.1088 347.4809 661.768 357.5185 
5 629.57526 623.7407 652.92316 632.78406 
5 783.32275 348.19055 793.47595 365.16583 
5 321.9312 360.42087 346.19586 371.30576 
5 567.3047 620.2514 589.2141 629.9572 
5 603.7291 354.0517 626.35315 363.96252 
5 274.7499 672.4177 298.02353 681.2777 
5 32.95356 388.95428 44.12829 404.1093
5 131.92273 676.35754 155.29416 685.8408 
5 460.46237 282.55826 473.2548 299.027 
5 264.12546 172.56592 284.0988 182.6878 
5 448.95657 225.16206 460.902 240.24632 
5 172.18619 462.67355 195.11572 471.2106 
5 270.78647 711.254 292.4103 720.89404 
5 1.8627877 152.77625 14.609587 169.95538 
5 416.99042 316.2585 429.3363 331.9346 
5 273.1906 691.36346 296.7572 701.8392 
5 117.317505 300.78223 139.77988 311.61316 
5 45.31168 387.40918 56.528393 402.92877 
5 538.6229 619.6119 561.88196 628.9886 
5 265.5263 761.5094 286.1208 770.73267 
5 109.09483 397.40018 130.8126 405.4766 
5 48.644062 41.283253 59.228535 58.311947 
5 778.29297 700.9784 791.51746 717.6218
5 175.82898 588.806 196.00021 597.92883 
5 486.06152 281.9192 497.62836 298.0833 
5 96.68614 742.34125 107.43703 758.56354 
5 37.184303 373.00146 48.414 388.40802 
5 256.94507 179.5162 278.11877 189.5632 
5 184.21173 397.98093 203.14386 406.8862 
5 28.671482 45.53565 39.01575 60.481907 
5 451.24387 260.61243 463.02957 276.97778 
5 111.61443 372.57965 132.7393 381.22803 
5 331.87762 451.72766 354.01544 460.21735 
5 428.09882 259.25757 439.46667 274.466 
5 252.35793 186.06177 275.68768 197.52017 
5 438.61365 194.1787 455.72552 210.94359 
5 42.760887 337.10843 52.335915 351.83908 
5 177.34229 579.1831 195.88431 587.54834
5 698.18805 129.73523 718.39386 139.36441 
5 435.85773 281.0365 446.54504 298.55505 
5 8.311403 422.92822 20.224096 438.53107
5 109.71703 389.35992 132.96709 397.36633 
5 336.007 418.86102 357.12894 429.09558 
5 709.50555 324.2282 728.2802 332.29572 
5 333.7889 435.14868 357.6144 443.17957
5 30.80775 421.90875 44.1355 438.6917 
5 458.90527 223.84567 471.19354 236.49371 
5 473.58118 282.90704 485.00867 297.50543
5 336.65274 411.86774 357.60037 419.39496 
5 1.2414532 282.94867 22.930836 293.2224
5 328.14786 475.88275 349.4659 483.91602 
5 335.1854 426.7091 357.38846 434.8772 
5 330.41312 460.91385 349.40067 469.15005 
5 294.29538 410.96286 304.59775 426.92056 
5 168.3322 473.54413 192.52834 481.68988 
5 132.7898 126.22307 142.50027 141.18819 
5 0.41878986 753.9923 7.442656 769.26855
5 2.9922047 368.7886 12.840086 385.7015 
5 477.98602 318.65802 486.95135 332.9381 
5 283.512 494.1213 295.18057 508.83084 
5 329.3793 492.8293 347.08316 501.05923 
5 0.67900753 347.6089 19.798233 356.20996 
5 142.9371 225.0065 154.94186 239.83612
5 25.396893 372.09674 36.01186 387.04266 
5 405.36594 315.54962 416.39212 330.00183 
5 416.28665 222.58148 426.76132 237.45618 
5 125.150085 169.35521 134.8432 181.98607 
5 755.33136 257.5758 773.74115 267.4109 
5 333.99298 440.97318 354.69757 453.07156 
5 222.70609 167.85248 239.38135 178.048 
5 228.71399 160.27303 249.8117 169.91539 
5 428.81854 316.82114 439.87823 331.45743 
5 449.2169 210.66095 464.06406 223.30054 
5 184.51556 389.74072 204.19443 396.73853 
5 145.29857 200.27826 158.13057 218.13397 
5 0.3532281 387.41718 9.202232 403.67383 
5 329.75604 483.6769 349.6936 492.19778 
5 779.5404 347.97263 796.9064 368.5253 
5 335.23282 423.11227 356.53812 431.4938 
5 0.77813816 171.05948 10.327848 185.95718 
5 328.9946 463.1176 351.6282 471.54175 
5 327.8448 478.30475 347.7364 486.42804 
5 334.59024 408.5714 359.46658 436.71973 
5 47.182102 372.89023 55.877026 388.7897 
5 328.0057 457.36697 353.24692 489.14694 
5 332.92905 426.30957 355.05533 464.87146 
5 330.42496 488.01215 347.45975 494.28632 
5 186.64131 391.64606 205.92354 398.76666 
5 328.3337 472.8135 348.38785 480.02097 
5 145.45155 206.54147 157.0147 233.33652 
5 275.08768 163.08885 292.6929 171.25862 
5 183.86758 386.66455 206.14142 395.0061 
5 330.35117 441.53152 353.07663 482.82986 
5 336.15915 412.96432 357.09982 424.60312 
