5 416.85495 253.59589 451.45908 266.20642 
5 93.33048 298.01642 100.62827 312.81055 
5 93.68333 525.8128 109.943565 570.02985 
5 509.9315 278.7413 524.87775 293.4943 
5 378.55478 431.6203 388.77603 450.85394 
5 193.80513 447.35257 218.3814 457.73026 
5 121.84805 41.435993 139.69708 49.522312 
5 364.4025 745.685 372.89658 762.8952 
5 282.1123 68.3284 319.32635 81.44446 
5 223.79623 450.1785 244.25122 458.34067 
5 506.52963 56.443443 522.9283 64.74258 
5 631.72266 243.94212 641.927 263.03418 
5 395.31702 248.97298 408.7326 264.09537 
5 644.5611 401.79147 664.06244 415.8146 
5 83.370346 774.3675 91.93495 790.8339 
5 756.5075 471.52673 773.2027 479.54028 
5 546.7218 78.32759 567.69006 87.577515 
5 97.987404 481.7692 107.32249 498.00858 
5 681.079 468.55112 697.61584 476.3021 
5 419.00696 10.624966 428.13165 27.225441 
5 298.03558 248.16122 315.09985 256.8508 
5 141.08249 41.50753 157.77731 49.344513 
5 98.78067 239.9842 133.2457 251.36345 
5 82.03571 697.7099 90.57633 713.6385 
5 395.68167 202.63782 405.24106 218.89114 
5 462.24707 780.6245 481.5952 789.5812 
5 266.00568 451.72577 281.99634 459.7176 
5 49.572197 441.93726 67.20507 450.208 
5 395.36725 26.277655 404.58728 42.49179 
5 375.08234 265.66714 394.4776 274.95505 
5 556.872 464.07678 575.31805 473.15027 
5 344.35623 51.67849 359.53067 58.973396 
5 101.79679 665.34125 111.13648 683.8183 
5 151.72105 469.54312 169.23918 476.8536 
5 164.42278 59.231342 181.23735 78.91142 
5 611.9861 498.52615 620.1345 513.3931 
5 636.8592 746.20245 655.4661 754.24396 
5 324.5544 249.90355 344.5134 258.81186 
5 647.5409 489.0607 663.1813 496.1321 
5 103.02443 628.36615 111.75314 645.7846 
5 365.8258 272.73495 383.15527 281.45975 
5 152.01288 445.9675 170.89944 454.9904 
5 64.22089 175.04417 76.19121 196.87434 
5 388.49884 568.51373 398.61755 584.5557 
5 777.0651 61.230427 793.8549 69.73594 
5 622.3686 477.83215 632.788 496.12097 
5 470.73956 255.3988 488.94385 264.23535 
5 122.868904 59.713287 135.065 75.167114 
5 160.02138 42.030502 174.12422 51.051933 
5 386.02814 747.02515 395.42352 763.9558 
5 82.5413 732.5645 91.82751 749.07684 
5 587.8881 465.54968 614.6191 476.1316 
5 62.388752 320.88345 80.48096 330.7363 
5 371.13165 605.4597 380.4701 623.51636 
5 0.044103622 439.50732 13.161816 447.87708 
5 109.86885 444.7001 126.41907 453.06827 
5 166.37192 468.43997 188.41553 477.54752 
5 641.6787 28.243217 650.60583 43.71582 
5 347.24518 271.65762 366.3742 281.61118 
5 556.77924 59.317474 572.41205 67.012215 
5 480.25467 277.02203 494.20566 290.63196 
5 74.871864 475.55112 83.803215 491.20053 
5 641.9905 641.0795 660.0259 649.03204 
5 603.8087 782.6027 612.4332 797.35223 
5 33.946373 580.0516 51.13772 587.9428 
5 608.65027 60.250446 623.735 67.52078 
5 306.99533 49.111576 325.5596 57.300205 
5 645.1585 113.205536 654.439 127.60315 
5 383.9881 311.6031 393.73547 328.7262 
5 4.791193 460.4595 29.240294 470.00546 
5 211.26984 243.38185 232.72443 253.53493 
5 489.54907 55.673546 505.02283 63.964043 
5 390.80722 414.4903 405.03732 428.49164 
5 211.27914 55.378117 234.56479 64.82701 
5 626.7843 176.68764 637.05676 195.99928 
5 337.53888 454.5639 353.71967 462.15015 
5 18.754284 441.46802 38.71014 450.1872 
5 614.36163 386.7718 624.4755 407.6136 
5 283.53137 451.9636 298.1244 459.74503 
5 643.3134 1.739759 651.98236 15.46385 
5 642.0466 581.4341 658.3582 589.2595 
5 167.69449 477.9213 183.31268 485.3489 
5 326.49603 49.39978 342.7766 58.1558 
5 193.4245 43.107533 209.04034 51.03931 
5 381.339 355.8751 391.11627 373.09756 
5 639.63336 613.1661 658.9975 621.28094 
5 641.9153 573.5061 658.2748 580.996 
5 408.84427 236.31358 417.79294 250.6827 
5 392.42477 138.90512 400.88028 154.87552 
5 373.68765 545.56354 382.35562 561.23004 
5 429.0565 275.0931 449.26633 285.33194 
5 532.79926 271.99097 549.305 280.28137 
5 643.0498 648.98773 660.355 657.2745 
5 700.8274 54.311523 710.9315 70.24103 
5 563.0705 260.24622 579.84845 269.6604 
5 594.59973 267.41183 622.3971 279.07626 
5 629.0575 156.65593 638.12744 172.54378 
5 58.30882 53.841736 71.27173 61.717842 
5 585.77496 80.02402 602.5618 87.07236 
5 640.4802 685.03906 657.7888 692.88477 
5 147.28973 587.1395 155.59631 601.78064 
5 374.6631 529.44104 383.19122 544.6964 
5 608.3613 649.2667 616.4552 663.61523 
5 603.43085 765.88135 613.8133 781.60657 
5 194.9698 66.83897 202.1256 80.70237 
5 87.5881 141.65366 100.63816 148.8223 
5 73.56533 626.5167 89.07195 634.0558 
5 335.81354 258.99994 351.55792 266.24713 
5 647.68555 230.94856 661.2814 259.13348 
5 98.478004 60.057594 122.13332 71.621895 
5 77.63841 551.7764 86.55159 565.6142 
5 79.20816 654.80524 89.14516 670.4289 
5 260.08298 67.35641 268.89694 82.26951 
5 390.7848 186.30942 399.45465 202.08032 
5 136.59091 467.83624 153.14584 475.95477 
5 597.38794 724.9884 613.19495 732.2449 
5 380.6634 377.20184 390.50232 394.0135 
5 641.4104 76.27703 650.417 92.877464 
5 608.3531 663.4385 618.24725 678.41284 
5 627.23004 195.9631 636.5434 211.44229 
5 649.647 81.529305 659.4293 98.13058 
5 68.48054 401.55807 82.31672 407.82498 
5 661.74915 469.3895 677.063 477.1472 
5 601.71906 286.63412 617.62225 294.7642 
5 702.99585 491.95056 718.42114 499.05475 
5 784.33777 466.54544 793.5669 482.25345 
5 648.2887 276.6007 662.6217 286.8797 
5 679.62994 59.70597 698.54047 69.07169 
5 74.642204 633.6412 88.90565 640.5004 
5 449.63074 278.2707 464.6988 289.9914 
5 634.0797 529.3656 642.72327 544.98584 
5 101.10344 583.046 110.699234 599.901 
5 229.21663 266.81683 244.94978 274.2492 
5 78.61297 638.32544 88.55402 655.942 
5 510.44537 461.4808 526.6656 470.74924 
5 77.68538 581.30707 86.603714 597.0307 
5 249.97304 67.93919 259.54886 84.29881 
5 252.61604 267.02942 269.82684 275.62738 
5 699.61005 469.85364 715.5335 478.0136 
5 615.7997 355.25955 625.4082 373.0032 
5 609.41534 592.8134 618.2684 608.763 
5 640.3506 672.19116 656.67163 679.6272 
5 251.16273 448.6202 266.9902 456.92197 
5 614.8297 449.9847 623.1361 464.8113 
5 87.50216 587.5557 97.86738 606.5402 
5 642.12305 620.3892 658.2178 627.4025 
5 80.32133 682.2557 89.83973 698.8626 
5 641.25726 661.7969 658.2006 670.52136 
5 73.30872 379.93488 80.36831 391.79773 
5 93.40684 348.93533 105.391685 356.42392 
5 391.50845 633.66656 400.06857 651.10504 
5 614.4672 411.70557 623.4913 428.70642 
5 628.0047 137.74033 639.39594 157.17355 
5 395.6266 552.2725 404.54205 567.7192 
5 399.28958 506.90158 407.12582 522.3399 
5 239.84496 65.71517 248.27626 80.5308 
5 76.73685 536.2081 85.95586 551.1205 
5 673.6244 286.54282 690.80347 294.22757 
5 459.74014 274.25983 474.5925 289.73657 
5 666.30524 8.908808 675.0247 22.915213 
5 368.1112 680.3499 375.66034 694.06024 
5 639.44574 753.57526 655.7597 761.8299 
5 614.45746 433.3809 622.86017 447.95987 
5 633.562 616.75586 642.0646 633.00366 
5 76.117226 515.21747 84.83431 532.0214 
5 96.31724 377.94595 104.99575 393.08994 
5 530.9987 79.25849 544.8709 93.27337 
5 646.3928 374.10672 662.35803 383.0156 
5 613.61414 512.81903 621.6372 527.23846 
5 175.49814 42.765617 190.62036 51.00013 
5 405.6964 359.83417 415.1972 376.14813 
5 413.12683 125.1797 424.03632 145.14265 
5 569.19183 78.519615 584.64655 87.16596 
5 641.7101 519.8426 659.4175 526.95026 
5 67.98907 393.75314 81.86672 401.00528 
5 69.28028 577.9772 78.301765 594.5724 
5 591.37366 59.63054 608.0596 66.72143 
5 368.80603 665.8009 376.70166 680.3856 
5 274.90244 258.24106 290.15048 266.60764 
5 650.1566 230.06294 660.8734 246.26146 
5 642.4326 631.8728 659.18054 640.557 
5 541.394 340.49072 553.784 356.11847 
5 610.21936 549.76843 618.45276 565.4968 
5 654.28125 384.55612 662.91724 397.74258 
5 325.74203 270.04745 342.60666 277.88492 
5 202.97899 68.51706 209.90263 82.111206 
5 67.46027 404.31427 82.54514 411.03387 
5 643.26544 457.57755 661.6119 466.36337 
5 662.2779 487.27332 675.5374 493.29565 
5 641.9508 527.9825 659.8966 536.02655 
5 610.0759 608.39355 618.01904 623.22437 
5 1.3485026 128.18846 16.392826 135.71565 
5 92.59829 341.4482 106.69952 348.77127 
5 662.67816 489.39844 676.94354 495.46643 
5 420.10077 28.991241 428.19824 42.19481 
5 645.8236 497.4577 661.1986 504.28156 
5 615.716 332.21524 624.35126 348.77957 
5 483.24216 789.41504 498.3339 796.8662 
5 637.15967 738.0254 654.9851 745.5825 
5 664.6252 496.0376 679.206 502.46283 
5 382.3849 795.1538 393.7193 800.0 
5 545.01825 464.1743 559.2048 472.074 
5 597.22394 716.3353 613.3819 724.254 
5 494.71268 459.72086 510.08646 468.5975 
5 731.36646 84.360466 739.6183 96.70684 
5 617.55054 314.99146 626.3583 332.088 
5 595.2665 737.2222 612.3385 745.2923 
5 635.44794 680.34424 659.06415 753.6417 
5 76.8766 501.74823 84.66908 516.174 
5 638.4637 521.9616 659.0245 583.11273 
5 376.75464 492.37534 385.40662 511.66476 
5 651.5708 22.653698 660.61584 38.123203 
5 344.9916 249.68877 361.207 257.58386 
5 633.0512 781.4008 653.30817 789.84955 
5 66.35559 419.29544 81.58269 426.3383 
5 639.4861 604.0309 656.9374 611.69116 
5 80.55757 598.59656 88.87169 613.699 
5 625.71954 59.71769 640.13275 66.673805 
5 278.75928 474.40735 294.27264 481.27692 
5 133.67986 446.11554 152.42235 454.09412 
5 597.78625 486.17365 610.71216 493.26282 
5 517.8829 517.8708 525.16583 531.8222 
5 0.9292307 233.46829 19.586369 243.02484 
5 403.38486 379.1387 414.06558 398.5449 
5 608.65656 621.6663 616.65497 637.19574 
5 661.9544 230.18849 671.4019 247.93355 
5 212.20895 64.90993 240.49759 77.618484 
5 158.20287 61.801453 168.1386 76.81697 
5 369.98978 651.13995 377.77737 665.835 
5 476.02817 56.199234 490.7764 63.26629 
5 0.017180443 640.76227 8.239372 652.5312 
5 324.2774 694.28784 340.81433 701.67554 
5 366.7839 722.1114 375.98947 741.3107 
5 610.1731 532.5439 619.17163 548.1684 
5 641.1515 544.86615 655.6293 552.106 
5 364.98795 773.2553 373.29068 788.5373 
5 65.98346 416.5807 81.43181 423.35962 
5 642.17206 511.952 657.85297 518.1397 
5 666.7932 23.297398 675.4862 38.00575 
5 641.4272 629.432 657.61334 637.15906 
5 789.7595 84.13527 799.6946 91.42441 
5 375.15308 514.0212 384.21326 529.0622 
5 72.87212 359.95428 81.893654 377.31116 
5 373.47382 533.11224 381.7895 547.30084 
5 639.9697 679.6767 657.7009 687.4007 
5 578.24603 464.4334 607.8919 474.89 
5 591.4893 261.2297 605.6569 269.6935 
5 493.13757 76.3211 512.3496 86.6672 
5 469.70154 79.51976 489.24805 87.83002 
5 627.4859 142.79901 638.4548 166.39087 
5 193.49025 65.5298 260.9089 83.43805 
5 636.1734 699.0061 655.168 707.00793 
5 0.035022736 124.63047 18.693264 138.51823 
5 680.51056 562.43097 697.32306 569.34174 
5 628.5805 91.43956 639.9577 113.92906 
5 66.08208 411.47324 82.08168 418.35794 
5 411.69766 181.29352 420.89297 196.61899 
5 642.6154 564.81445 656.2574 571.7577 
5 423.46854 363.72656 432.07785 378.48334 
5 203.41924 266.0371 219.80052 273.43695 
5 430.9251 45.665222 450.9541 55.496536 
5 342.8822 256.82086 360.7262 264.69293 
5 525.127 280.1214 543.4323 289.95343 
5 756.5082 661.9731 768.4562 668.737 
5 208.26381 48.49186 223.61195 55.679222 
5 641.21765 536.73865 653.797 544.652 
5 192.48079 740.23914 203.35576 758.3613 
5 177.35446 62.96474 187.11066 78.86753 
5 51.955654 69.147804 65.71326 76.90246 
5 602.9004 297.22528 617.8611 307.30182 
5 89.467476 224.1522 98.99018 240.53926 
5 66.93941 196.14182 78.4861 211.08304 
5 643.9623 557.2946 656.08704 563.3774 
5 84.2227 571.2525 92.61932 585.851 
5 566.88245 539.52515 575.6112 556.6124 
5 558.16406 392.87762 573.71313 399.8969 
5 642.32947 509.24225 657.84033 515.7452 
5 570.66144 557.2498 578.96906 572.482 
5 644.4425 552.7324 656.8114 558.54504 
5 184.8877 68.35503 193.49603 81.804535 
5 603.69183 80.35144 619.1337 87.61656 
5 643.72754 560.7216 655.58215 566.5485 
5 612.59174 516.51526 620.4097 530.4337 
5 643.94135 547.68616 656.59784 554.36194 
