3 287.04056 513.6943 295.75296 536.95306 
3 444.49756 571.9294 451.30853 588.133 
3 0.007753372 500.0991 8.226203 510.96207 
3 275.43378 511.95126 284.1806 534.2837 
3 14.3641405 546.2781 20.605068 556.3734 
3 30.078926 523.6207 39.36503 533.07544 
3 322.1008 511.88647 328.05014 524.1544 
3 315.23087 525.0192 321.82632 540.68097 
3 0.0 555.1912 7.7050266 563.26276 
3 425.7282 583.09265 434.6812 606.4667 
3 398.29675 579.6467 419.39978 588.9348 
3 0.14001322 541.8473 10.217682 553.22595 
3 2.6304696 500.5685 10.26086 512.5733 
3 358.4693 571.3749 375.38702 579.45166 
3 267.11472 513.15656 272.52695 527.0058 
3 0.0 541.34894 11.414474 563.6651 
3 433.133 574.1707 437.20398 582.44916 
3 357.08838 520.10925 363.57733 543.46936 
3 194.7312 514.4212 203.20544 532.66144 
3 417.88687 583.52924 424.58017 595.85443 
3 4.2220755 502.9982 12.162223 513.4352 
3 298.7835 513.6442 304.90656 528.1514 
3 312.92126 525.2402 319.13873 540.0302 
3 441.99625 572.8298 447.11288 589.05414 
3 438.1642 582.77814 443.60867 590.196 
3 6.6744556 504.18268 13.630505 515.4172 
3 440.47406 574.03937 445.2243 590.1806 
3 269.0067 511.5896 274.37048 525.25586 
3 437.9448 575.1064 443.4634 591.14496 
3 9.167117 503.35858 16.424644 515.12384 
3 365.71252 512.846 373.71613 542.28033 
5 11.784653 316.89426 19.991987 322.89987 
