3 173.7931 706.4601 179.38994 715.7677 
3 103.87112 514.84784 110.66721 524.2443 
3 44.893856 437.74182 51.311214 445.55267 
3 100.36655 425.38385 105.693085 435.34167 
3 200.60608 176.7396 206.9552 186.10275 
3 101.91317 657.6644 107.6045 667.44104
3 149.2292 205.54788 155.66225 214.16547 
3 386.17383 658.33246 393.4759 668.1871 
3 301.44403 537.5592 307.95404 545.855 
3 292.3636 231.25372 300.55786 240.31311
3 232.09964 333.1218 239.69757 340.13266 
3 103.435875 130.51836 108.49741 140.0493 
3 291.91513 230.7413 303.8176 243.66547 
3 148.8069 205.58928 157.12978 218.88033 
3 489.0403 10.175842 508.1168 17.143856 
3 102.60456 424.7535 107.15635 434.54776 
3 101.08315 657.0722 106.12136 665.0463 
