5 298.17557 714.28937 314.6288 746.9371 
5 465.43616 81.10765 490.34802 110.54175 
5 455.21432 167.56349 468.2856 186.36821 
5 608.1556 119.256805 624.5357 135.20985 
5 270.8582 730.87274 281.7808 749.26996 
5 318.07544 415.44867 330.59668 434.7439 
5 319.28076 344.06497 334.86304 373.27005 
5 422.30273 210.43918 449.75232 239.86127 
5 335.56552 340.42838 350.1207 369.17477 
5 235.92238 577.75995 246.62877 595.34576 
5 654.3952 81.36739 675.06635 92.1739 
5 736.0676 677.58484 756.5957 688.33704 
5 261.25424 526.14185 277.48636 559.2997 
5 499.0779 78.96466 509.2018 95.04112 
5 710.5393 226.6162 741.718 242.09215 
5 326.72714 538.6697 339.60904 558.68005 
5 378.08328 559.99615 411.40677 570.6346 
5 291.4545 283.5409 312.69418 294.61133 
5 739.2678 721.38556 759.63184 731.62506 
5 529.33966 632.787 549.0589 643.3646 
5 487.9129 42.442127 504.49 74.02191 
5 748.06226 371.98395 762.9486 380.2146 
5 607.3611 92.48471 623.10876 107.27425 
5 659.60626 114.51002 668.7801 132.78104 
5 726.3073 275.21765 743.1026 308.73285 
5 416.7601 415.46323 443.14236 425.99057 
5 658.1068 51.452785 676.9424 62.190655 
5 620.19415 231.46387 653.19696 248.6069 
5 301.9917 614.38525 312.1371 633.1752 
5 298.04932 223.45558 317.18115 234.17262 
5 764.4567 225.39714 789.09906 237.69875 
5 761.42584 236.59715 792.42377 252.8484 
5 699.1841 124.45187 708.95703 142.7067 
5 269.88187 488.57602 286.43918 519.48926 
5 266.35114 354.8332 282.77844 363.90613 
5 312.4936 339.9229 323.8576 357.88196 
5 774.2089 293.88196 790.233 323.16864 
5 677.41614 247.6051 709.40857 263.21283 
5 456.23376 351.87897 466.54218 370.0868 
5 408.4712 179.93243 424.5691 195.2999 
5 341.74753 646.77997 352.13675 664.48566 
5 329.8806 670.26733 342.41577 695.0272 
5 698.8043 95.17622 719.11194 106.14073 
5 773.07324 328.76654 783.4595 347.55286 
5 325.47705 205.08415 336.07666 223.82872 
5 285.99426 267.2107 306.0796 277.25623 
5 676.6949 19.723835 687.2221 37.62787 
5 224.12642 666.54114 235.88387 684.38574 
5 516.33856 665.97925 535.63275 676.71655 
5 695.5291 709.88837 712.9141 718.65106 
5 783.34796 560.61957 796.80084 568.60077 
5 412.83612 329.22668 423.1626 347.4317 
5 320.9839 722.97626 330.9325 739.7314 
5 271.51666 336.6302 289.01556 346.20068 
5 699.72644 270.73267 717.32446 304.35095 
5 347.5706 748.96576 365.79794 759.9393 
5 738.38995 133.22797 747.54 150.2406 
5 405.01166 465.44595 423.6247 474.37222 
5 667.5977 18.283695 678.04474 35.975327 
5 672.0114 215.04515 701.47076 229.94524 
5 669.86365 116.865845 678.9177 134.50468 
5 381.6896 481.52316 393.4514 500.52133 
5 295.59192 637.98346 306.138 656.37994 
5 313.1616 666.9042 322.92575 683.16626 
5 697.6179 520.8641 716.3048 530.6519 
5 695.2735 153.71902 711.1574 168.72406 
5 555.1657 658.97156 570.6784 666.9363 
5 626.6481 341.49408 641.031 349.49866 
5 712.0208 160.12527 726.6392 174.32166 
5 574.9038 635.38086 593.24963 645.1904 
5 745.1612 265.2993 778.5258 281.59537 
5 353.13504 594.8645 363.85403 613.5436 
5 278.8248 297.97156 298.67575 307.91083 
5 613.748 645.9776 631.0633 655.78375 
5 276.59225 322.93265 294.27 332.6417 
5 411.3709 437.37802 430.03674 446.16574 
5 632.80505 650.73096 650.9773 659.911 
5 592.56134 667.5227 609.16254 676.34534 
5 713.2579 688.36774 729.52155 696.4028 
5 751.6502 698.1386 768.3166 706.5987 
5 423.21725 287.19812 431.30038 301.521 
5 634.19476 678.35944 649.70734 686.34235 
5 626.4146 250.76183 642.42596 282.84756 
5 389.7116 387.41037 400.33746 404.9006 
5 701.37366 200.72989 719.05396 211.53635 
5 405.2123 454.03748 439.14688 465.79852 
5 694.0084 78.69442 712.0596 87.82891 
5 674.31683 167.71689 684.1949 184.27881 
5 730.4929 34.91654 739.70593 51.371517 
5 474.7861 223.45079 489.64633 231.6671 
5 394.36185 402.92963 405.63834 421.06396 
5 678.0598 354.19476 692.59155 361.73315 
5 298.61035 234.6632 314.88654 243.41994 
5 638.87616 507.26978 655.0787 515.10504 
5 743.1014 181.04669 752.3243 198.55884 
5 723.7334 717.7408 739.80164 726.71124 
5 730.5381 548.0836 745.6388 556.8638 
5 739.8952 35.43273 748.962 53.259125 
5 363.2914 491.08307 379.71408 525.07336 
5 654.7488 683.0531 671.8767 691.8816 
5 395.88458 360.73907 405.53516 379.33258 
5 388.98 458.65546 399.3375 476.78906 
5 290.67978 250.95227 310.04855 260.2023 
5 745.1341 92.0665 767.2309 102.88121 
5 610.6299 517.7919 626.36084 526.28186 
5 305.19574 206.69974 323.7202 217.4347 
5 171.42436 731.17413 180.57133 744.4937 
5 726.02637 208.4209 746.01685 218.86932 
5 778.157 703.21875 797.556 713.4059 
5 757.2866 326.5904 765.83887 342.0166 
5 371.4694 594.97327 397.67593 604.82825 
5 589.2458 485.94705 605.0007 494.53122 
5 559.78937 632.57135 574.2004 640.5297 
5 449.72928 246.9457 465.77036 255.27611 
5 434.91116 344.4087 453.6459 352.7378 
5 603.99786 498.69638 619.0096 506.62906 
5 460.3651 228.09386 475.8875 236.44951 
5 434.70233 285.34387 442.3219 300.28204 
5 674.60223 678.90845 689.19086 686.7799 
5 371.3071 602.7878 403.8868 616.2519 
5 385.7016 536.94147 416.88007 549.0086 
5 569.1509 480.487 586.761 489.5843 
5 712.3236 697.7228 728.45105 705.6747 
5 727.89154 701.516 743.7585 709.94617 
5 407.48688 353.3448 416.6734 371.20203 
5 542.6205 626.93835 557.5348 635.63086 
5 695.5252 51.4757 711.71014 60.403107 
5 673.6226 263.97296 691.83417 296.19965 
5 243.24123 554.6325 253.019 569.1772 
5 763.98285 45.959316 773.363 60.67059 
5 759.6208 682.7786 775.61835 690.9361 
5 410.2442 387.74295 419.6942 403.9971 
5 376.7872 510.6274 387.2341 529.06696 
5 722.9971 85.0634 741.2634 94.69887 
5 436.18933 372.1786 452.79498 379.88354 
5 566.64825 489.13443 582.6567 497.4832 
5 680.9785 491.50256 695.6166 500.34766 
5 654.3674 527.34674 669.1988 535.76447 
5 695.89496 683.73755 711.91925 692.69324 
5 718.70605 130.2467 727.4492 147.05505 
5 736.5608 531.63586 749.4004 539.1748 
5 425.4797 790.1999 440.23923 798.0235 
5 700.557 26.727224 708.5792 41.487396 
5 642.8374 480.9531 656.5298 488.40036 
5 696.95123 494.91757 711.60846 503.24277 
5 469.8079 272.0576 486.38815 280.28214 
5 627.1707 7.945388 636.5136 26.827454 
5 336.46362 731.641 352.2486 739.52466 
5 714.64087 670.74115 732.18274 679.6348 
5 219.55428 652.7978 228.97438 667.0413 
5 775.2172 531.9974 792.26105 540.75323 
5 653.0146 700.76526 670.2598 709.14294 
5 649.658 196.00125 679.61774 212.09976 
5 337.5169 722.5883 353.35083 731.35614 
5 432.25867 759.2591 446.66028 767.1545 
5 421.33582 309.71054 430.052 325.27933 
5 567.8221 463.27704 581.54193 470.9261 
5 679.8537 129.51497 691.25775 145.19624 
5 698.1581 668.1852 713.08545 677.0027 
5 288.1936 258.52777 307.79358 268.4926 
5 579.22144 654.3187 596.01465 662.4431 
5 654.82855 268.81903 663.81683 284.81128 
5 710.57227 370.35205 724.5697 379.32446 
5 748.9658 324.89832 757.77686 341.0691 
5 649.43677 208.8995 668.27185 220.24686 
5 752.4064 536.07336 768.31287 544.1008 
5 471.58224 255.88039 490.31937 263.5875 
5 342.504 710.85394 360.14688 720.97626 
5 444.6405 319.97922 460.34393 328.26865 
5 289.6875 666.17676 298.44836 679.8661 
5 709.9605 128.17816 718.7647 144.91696 
5 763.2406 376.2443 779.18335 384.69608 
5 733.9105 181.48764 743.0454 196.92664 
5 268.82153 345.23148 286.50983 355.14163 
5 608.1946 345.80463 622.5834 353.92914 
5 703.4385 213.29813 721.0187 223.4075 
5 445.969 276.80203 461.30432 284.28842 
5 416.4575 361.38223 425.42245 376.27084 
5 276.01398 314.3463 294.78143 324.76447 
5 612.726 689.86957 630.38556 699.05743 
5 790.3477 388.98807 800.0 397.1896 
5 691.5087 536.63745 705.2382 544.3191 
5 345.21973 679.72205 363.20972 688.0137 
5 436.4605 394.281 451.36493 401.12146 
5 780.20605 48.374374 788.0858 64.968285 
5 761.60065 529.75275 774.9577 536.665 
5 481.6219 783.37854 500.84583 793.51013 
5 723.52875 161.21794 738.065 175.38393 
5 317.28165 241.91283 326.17624 255.49785 
5 400.9883 426.83643 410.50455 442.10828 
5 757.36066 68.235596 774.10114 79.860886 
5 369.01825 613.57294 388.21436 623.549 
5 356.73917 646.4219 374.89072 653.95386 
5 454.0815 256.85272 468.25455 264.14972 
5 431.62466 404.7329 446.00778 411.29724 
5 467.90405 760.3219 477.3388 776.0553 
5 630.64465 48.86662 649.27637 58.37192 
5 449.94565 775.02655 458.95474 789.80695 
5 669.8125 522.71173 688.2333 531.8621 
5 346.28555 695.62756 364.4255 704.3928 
5 446.6375 310.091 463.57916 318.34393 
5 380.57437 550.85846 397.94077 558.8388 
5 419.27997 387.03525 428.39386 404.79965 
5 314.50287 498.32993 330.17828 506.63803 
5 476.1367 232.11858 491.66586 240.47368 
5 374.58615 584.7317 405.98068 595.03723 
5 595.82306 46.313942 610.4211 54.369133 
5 748.4843 136.87924 756.91095 153.76318 
5 767.24805 557.9447 782.16064 566.00854 
5 278.2669 714.4281 287.7083 728.2925 
5 612.0396 673.02155 628.35626 680.9338 
5 669.8648 531.30414 685.0236 539.5035 
5 715.7366 31.47791 725.0165 47.90488 
5 572.92206 662.51733 587.59955 670.35156 
5 634.97186 297.7096 643.1412 311.8504 
5 714.8236 177.50105 723.7854 193.29002 
5 621.9289 503.51242 636.3763 511.21286 
5 555.3812 503.4486 570.119 511.71716 
5 597.245 470.09802 610.9584 477.97272 
5 680.6359 196.74168 697.633 205.70271 
5 691.5146 310.9986 700.5407 326.24548 
5 392.57574 425.6126 401.23468 437.4969 
5 401.17603 486.23602 427.12506 496.6513 
5 733.1791 163.94899 749.80054 178.47325 
5 428.86868 766.82556 446.29398 776.0791 
5 365.32452 622.3212 382.828 631.4384 
5 664.91364 302.04617 675.1049 319.9982 
5 448.0555 286.00183 465.0402 294.25995 
5 724.39844 179.54984 733.84644 195.60559 
5 744.1882 508.2941 758.95526 515.944 
5 403.81125 475.8389 421.33163 483.58737 
5 662.0241 484.51624 680.5628 494.7307 
5 399.5143 496.80826 419.68002 506.3065 
5 328.41733 705.46075 337.51755 720.14484 
5 501.15472 787.98914 520.0445 798.6001 
5 337.01727 623.12274 346.77875 641.2474 
5 303.70065 214.5286 319.81833 223.2873 
5 778.66 686.94104 792.866 695.28406 
5 739.7606 523.45044 757.7074 532.0581 
5 283.24112 687.94696 292.41983 702.5832 
5 642.61816 499.27573 659.83093 507.27316 
5 375.1867 573.38617 410.49384 585.12885 
5 713.5475 362.68896 728.67334 371.0558 
5 655.43335 674.3378 672.2246 683.31915 
5 749.9615 38.73601 758.18365 54.002605 
5 662.49744 146.84282 679.7561 164.01643 
5 720.0426 510.22495 737.4498 519.5739 
5 757.64844 139.51373 766.15356 156.45703 
5 660.59125 358.59064 675.3846 365.9652 
5 690.7532 510.55225 704.9535 518.28687 
5 659.28723 512.43616 677.3927 520.6234 
5 472.3112 247.95155 488.1158 255.21877 
5 750.679 553.0384 764.5124 561.22455 
5 553.1311 474.63608 568.0281 483.03598 
5 686.74255 151.61346 699.33386 164.08896 
5 361.86136 565.54913 371.74625 580.94305 
5 624.39417 665.8722 638.7112 674.15796 
5 426.46207 781.4795 440.66885 788.9326 
5 556.93713 674.625 574.3898 683.3707 
5 683.9544 518.22656 697.8615 525.86584 
5 395.6874 526.748 414.428 535.3829 
5 607.1968 490.79642 621.271 497.82193 
5 252.442 573.9688 261.82043 588.52423 
5 611.7121 248.04512 629.5975 279.77844 
5 732.72723 693.087 747.2751 701.09674 
5 293.82434 243.59813 310.60205 251.85332 
5 456.56482 237.0609 470.97205 244.49544 
5 430.60303 310.17505 439.74323 325.94708 
5 660.20386 349.09375 676.39746 357.04663 
5 763.1613 710.2209 781.0566 719.2392 
5 564.86664 341.6853 577.4118 359.49268 
5 691.7967 26.592852 700.53156 40.608494 
5 771.3896 542.4232 787.71674 549.86694 
5 622.97375 494.57617 639.74133 502.29718 
5 747.0315 379.77963 760.6841 388.32687 
5 446.4199 268.72595 461.51462 276.51892 
5 627.35394 522.0068 640.99176 529.9703 
5 652.3943 12.314757 661.71704 29.254185 
5 425.75412 331.6171 434.91336 345.00656 
5 727.5405 131.52919 736.76465 148.6147 
5 279.0318 309.81152 297.1731 317.42365 
5 705.1096 173.51761 713.89124 190.32324 
5 348.42374 620.75946 357.52444 635.29315 
5 434.83725 381.43185 451.61258 389.10104 
5 708.579 316.34888 718.01294 330.5434 
5 625.6957 350.66364 638.84216 357.64008 
5 765.97955 329.14142 775.0312 343.8095 
5 768.2476 143.62866 776.4079 159.24088 
5 700.08057 313.6835 708.25073 327.31912 
5 695.1575 171.27855 702.907 186.48827 
5 663.3927 503.06387 681.246 512.36816 
5 342.95438 206.81653 351.59476 224.93958 
5 475.44962 240.73372 489.52835 247.75505 
5 288.79822 360.68204 297.73303 374.50497 
5 348.99982 670.6072 381.7754 683.76416 
5 620.0477 292.09442 628.29895 307.3062 
5 720.28357 518.91534 737.126 527.6656 
5 332.19363 647.2975 340.5098 662.57007 
5 674.51855 307.01605 683.1001 322.0252 
5 284.72946 290.31952 302.5886 299.2928 
5 640.1866 670.58203 655.2022 678.0759 
5 227.75621 543.7899 236.94762 562.39014 
5 676.2239 362.5001 691.7433 370.11252 
5 449.02542 295.12936 464.6957 302.0624 
5 437.91327 334.88657 453.85358 343.20468 
5 612.2713 289.76398 620.2841 305.48444 
5 591.52576 684.6548 609.67834 693.78467 
5 556.44434 649.5429 570.96155 656.83295 
5 358.32654 655.71533 380.13373 665.73975 
5 789.56116 338.41916 797.86206 352.86026 
5 767.52875 512.7989 781.58075 520.83514 
5 684.1118 166.76144 693.50464 182.65494 
5 711.6499 541.63135 728.30493 549.98145 
5 471.533 264.11636 487.11862 271.66183 
5 634.4043 8.505463 645.9253 26.27951 
5 416.0475 425.7889 445.29944 436.642 
5 570.25055 515.52075 584.774 522.82886 
5 473.28006 121.151276 484.92783 141.1398 
5 437.4955 353.2542 453.13724 361.10236 
5 681.6087 309.30887 690.4051 324.82138 
5 344.34772 686.9917 362.167 695.0104 
5 640.8296 262.01205 652.1937 283.26675 
5 392.71814 504.91275 421.63776 517.13727 
5 690.637 374.16284 707.66266 382.39124 
5 427.97116 774.4984 441.94724 782.19214 
5 451.60287 303.01077 468.88712 310.7952 
5 649.47546 300.3748 658.0917 316.34207 
5 674.57294 687.69604 690.1252 695.9729 
5 435.33847 361.5755 452.10794 369.11603 
5 626.5714 295.9399 634.9557 309.53207 
5 767.65594 548.2288 783.40985 556.08466 
5 343.2597 703.1881 361.6421 712.23413 
5 652.97516 190.0601 678.6984 202.53398 
5 682.363 707.2764 694.873 715.0362 
5 226.743 523.8728 234.49199 537.35425 
5 787.2464 50.9577 794.74994 66.2144 
5 623.40967 477.07022 640.7003 486.21024 
5 707.60266 27.010683 717.1941 42.851913 
5 575.8697 680.3253 591.91705 688.6239 
5 534.7761 669.8476 553.3557 679.972 
5 585.69324 492.29974 600.5491 500.51294 
5 627.9594 470.6423 645.0091 478.8538 
5 741.1889 77.03337 758.8409 86.510315 
5 585.0434 630.59436 602.436 638.6271 
5 630.38745 695.11475 647.0614 704.552 
5 717.7507 526.3458 732.2531 534.11743 
5 783.37 516.1732 796.8607 524.0016 
5 701.3964 548.79895 715.0661 555.4879 
5 707.8341 721.0283 722.2612 728.2377 
5 435.50684 335.6627 456.07257 383.05875 
5 309.21854 753.738 319.29007 767.16327 
5 689.6561 543.9333 704.9491 551.9229 
5 743.29395 113.67427 758.8766 122.163055 
5 593.2887 513.17 607.9315 520.75494 
5 267.0183 366.43332 281.57123 375.3212 
5 606.9123 662.66895 622.9367 670.5464 
5 779.93774 712.8161 797.8407 723.33307 
5 602.4132 660.8643 618.91174 669.1513 
5 644.58936 10.817019 652.7904 29.32404 
5 432.84988 750.88025 448.09445 760.4055 
5 294.88977 241.44833 312.17462 249.1965 
5 659.02783 301.76013 666.80054 316.05463 
5 604.26855 290.1492 612.2329 304.97482 
5 288.15356 262.35178 308.22607 270.65976 
5 356.67212 663.90674 376.99042 673.562 
5 551.5861 673.2108 568.8017 682.36914 
5 790.53394 50.571106 797.3657 65.91675 
5 232.77444 646.613 242.2424 662.70123 
5 639.64813 525.4608 654.0253 533.30615 
5 580.1567 466.307 597.22406 474.68756 
5 403.23532 380.51376 411.97336 397.8372 
5 345.4248 145.95996 356.7528 163.73099 
5 623.49445 528.0014 639.3388 535.40326 
5 638.4734 497.3992 654.59424 505.14743 
5 720.6668 163.32355 733.57074 177.5834 
5 793.0713 735.22577 798.7727 747.3909 
5 723.4464 32.54131 731.32654 48.38032 
5 586.15247 459.26685 601.4501 467.1289 
5 598.81287 634.4903 615.00256 643.02045 
5 588.8345 519.94415 604.88904 527.5184 
5 280.85373 737.1978 291.30624 751.13544 
5 475.01065 707.24963 482.9763 721.5637 
5 624.0627 295.32956 632.2131 309.7336 
5 593.9507 693.1802 608.97546 700.662 
5 644.5338 671.89087 659.48267 679.5674 
5 784.2986 732.3245 793.27563 745.5994 
5 663.0649 165.52214 671.0229 178.26775 
5 379.33798 552.7008 411.56888 573.4933 
5 550.3676 484.03156 565.36676 491.71887 
5 609.58936 290.5478 617.6843 306.3922 
5 638.63165 643.857 655.7664 651.7054 
5 476.25827 234.8655 490.51877 243.09041 
5 615.39886 290.72586 623.1276 305.57437 
5 551.50165 479.9244 566.7779 488.07327 
5 673.6736 684.5936 690.17993 693.2528 
5 743.68726 96.977196 762.1492 106.43133 
5 344.2949 684.24774 362.3027 692.40375 
5 339.06836 455.8036 350.53473 471.82422 
