5 649.68823 712.61536 665.3301 720.3583 
5 367.19672 145.50041 381.3969 152.58629 
5 643.2613 544.38794 654.0236 559.4215 
5 618.71515 546.4456 629.44745 559.82806 
5 629.303 66.46965 648.5842 74.80406 
5 659.67163 136.10371 667.5812 153.23442 
5 365.49332 163.85661 380.2739 171.47069 
5 660.0732 109.488525 667.9649 124.173965 
5 638.3389 195.87407 649.43866 208.48524 
5 648.7311 703.6756 665.4225 711.6285 
5 397.51355 747.34125 405.5937 763.356 
5 622.3249 573.3695 633.14667 588.12866 
5 331.6379 61.224335 347.13004 69.23576 
5 676.894 411.62552 684.89606 426.3749 
5 723.47473 773.7374 732.0687 789.3441 
5 411.18484 73.289894 418.3588 88.786995 
5 387.07538 432.41815 394.65894 446.88245 
5 364.1005 75.17085 379.1907 82.541214 
5 399.51694 321.04895 407.8618 338.04053 
5 387.0854 478.01474 395.15216 493.33206 
5 333.0384 77.58689 348.5064 85.43626 
5 638.58 577.6387 649.1202 591.48 
5 388.81265 534.1625 395.91153 547.98975 
5 676.53864 381.09573 684.1153 394.29202 
5 386.00638 391.70157 393.68246 407.69534 
5 388.04422 682.1564 397.13004 700.0603 
5 382.04526 100.87918 390.56143 115.77475 
5 387.7932 549.62836 395.4989 563.5202 
5 650.63666 689.6042 665.88116 697.0457 
5 382.35205 189.79294 391.0086 207.9213 
5 329.64276 138.30289 344.17303 145.28333 
5 327.7249 164.57726 345.70746 172.16438 
5 363.32397 95.928505 378.4444 103.46438 
5 678.4651 446.85654 686.187 460.90134 
5 328.14017 123.7872 344.47775 131.4 
5 350.02533 784.07025 366.01184 791.86285 
5 384.76215 348.03616 392.44427 363.53683 
5 704.96967 584.11707 715.716 592.3042 
5 418.91873 73.95334 426.12167 88.28113 
5 400.39426 108.08368 407.3868 121.69415 
5 622.54584 193.95839 634.7967 208.11891 
5 381.29105 313.58527 390.7673 332.32196 
5 660.1103 789.0976 671.3317 796.0306 
5 723.1581 579.0692 732.3533 591.9574 
5 383.29422 213.14638 390.27365 226.13582 
5 716.14844 579.7516 723.7185 592.4994 
5 386.7274 460.02283 394.74368 475.15686 
5 382.5414 148.24843 390.0491 162.13875 
5 648.65985 674.55707 663.3969 682.5827 
5 328.9996 172.70412 345.6522 179.70396 
5 405.79135 765.21234 413.53665 778.97626 
5 400.90292 254.14241 408.37766 268.9136 
5 407.0254 692.1783 413.84204 707.42316 
5 390.70218 621.81 398.25925 637.5822 
5 675.789 354.81555 682.9317 370.6709 
5 649.55884 681.6925 665.3981 689.2456 
5 383.72458 171.7711 390.14847 184.31578 
5 708.4695 774.2836 717.08044 789.3305 
5 683.1987 757.5256 690.7528 773.8848 
5 332.00632 124.20226 341.3655 133.88643 
5 648.47656 575.7207 658.0311 591.25977 
5 400.24295 199.95627 407.4739 215.65787 
5 659.28766 424.31982 666.5799 436.32007 
5 331.16248 146.12767 348.08044 154.0923 
5 333.06366 274.60565 347.51508 281.16626 
5 330.71414 167.06592 346.5518 173.58426 
5 378.5383 146.66182 390.8185 153.96507 
5 380.47 152.45332 392.00864 163.57713 
5 383.43445 185.55766 390.4441 203.05708 
5 380.86432 209.89835 390.86926 224.25986 
