5 675.15393 147.43939 684.5244 168.12537 
5 704.2328 621.9167 712.8672 638.54034 
5 336.9734 665.1307 353.4331 673.278 
5 337.64096 762.904 354.2203 771.2111 
5 431.83307 161.12569 441.24152 175.26668 
5 671.52844 341.8072 680.3745 358.99323 
5 570.05145 93.68134 577.868 110.50167 
5 339.32513 685.46387 353.72388 692.99036 
5 309.78577 695.7263 325.35223 703.2135 
5 167.96822 644.0296 175.74992 660.1855 
5 316.24225 403.92667 324.32794 419.76407 
5 295.9647 329.8164 313.62784 338.06873 
5 308.71402 498.94296 325.2628 506.7501 
5 343.52063 544.69104 359.18994 552.5873 
5 451.46655 325.41208 458.52942 339.13846 
5 152.15266 588.3351 160.1924 604.04736 
5 326.3378 232.72964 334.76907 248.51968 
5 340.35123 209.42413 355.70255 216.88031 
5 756.25006 630.7995 772.3713 637.6213 
5 295.34518 11.537489 310.2814 19.046965 
5 306.8255 625.1527 324.4256 632.9331 
5 573.92487 299.72324 582.34576 316.62674 
5 308.46356 514.4887 324.84924 522.346 
5 707.6513 222.98148 718.7177 251.3624 
5 311.62085 571.7747 326.22742 578.9898 
5 295.80374 314.71997 312.57083 322.24384 
5 337.12857 754.03986 352.22983 762.0068 
5 335.8063 24.183704 351.81613 32.185825 
5 572.60425 261.39972 580.5619 276.26624 
5 342.5656 522.5947 359.88318 530.5592 
5 570.70264 1.2134161 577.5287 10.286301 
5 698.3174 352.3351 706.11365 367.82217 
5 333.185 155.45813 351.1443 164.22192 
5 326.77246 37.38703 334.93866 52.72692 
5 184.16734 169.30531 200.74089 177.55544 
5 316.2765 436.6095 323.664 450.6159 
5 572.7807 244.7669 580.6777 260.12735 
5 125.06209 130.76053 139.19246 138.2948 
5 459.55023 159.95244 469.33777 173.65364 
5 293.70303 298.15555 310.07138 305.58127 
5 295.66827 307.2825 312.08875 314.48746 
5 310.05817 687.9185 325.54694 695.4544 
5 298.91672 458.2069 313.15158 468.99628 
5 146.49419 296.08163 153.87297 310.87625 
5 297.42194 366.8605 315.1098 373.98032 
5 274.4207 705.8804 282.31003 721.407 
5 482.5334 160.39926 492.2978 174.93872 
5 295.24005 77.33664 311.4502 85.36995 
5 460.79416 324.87897 467.26175 338.13287 
5 308.48352 679.92786 324.82416 687.83984 
5 296.2005 27.131065 311.64325 34.48882 
5 334.8341 12.651002 351.66437 20.144157 
5 762.1566 766.26044 776.6301 773.5329 
5 185.21143 162.00551 201.93552 169.54878 
5 128.19914 15.3019705 142.87999 26.4122 
5 308.28842 507.29156 324.34988 514.59875 
5 296.0955 164.78064 311.87692 172.76831 
5 280.35587 484.0442 294.44595 493.2729 
5 184.63737 145.24939 201.02486 153.25974 
5 297.63507 374.95227 313.4688 381.91064 
5 292.42105 70.136635 311.1705 78.23014 
5 307.9725 530.64386 324.2628 538.6379 
5 335.6799 109.38485 350.613 116.78893 
5 439.6052 163.76329 451.55936 176.87868 
5 153.56105 784.5522 161.42159 798.91925 
5 335.80707 218.40678 351.0694 227.03242 
5 295.85806 190.84052 312.60397 199.63449 
5 294.63843 101.3217 310.2077 108.87947 
5 153.59335 705.90686 161.24265 719.8845 
5 129.04053 51.418877 142.78937 59.95051 
5 294.88654 322.7982 312.98895 330.28958 
5 306.57312 609.97565 323.7409 617.8416 
5 296.09085 124.11386 310.5411 133.94495 
5 335.89328 116.42647 350.624 123.00304 
5 185.73245 138.76389 200.42969 145.7309 
5 296.01685 118.25039 312.05768 125.175865 
5 755.0966 641.19073 768.7286 648.8493 
5 184.84477 147.32657 200.3368 157.1623 
5 344.6885 404.3051 358.10367 411.7437 
5 296.9847 157.72083 311.63223 164.84317 
5 335.11902 131.58205 352.8424 140.83693 
5 160.7112 357.30923 168.28807 370.50186 
5 334.8815 124.119255 350.02066 131.32195 
5 293.53452 110.90277 313.6025 167.96286 
5 297.75943 108.292915 310.94937 116.919075 
5 293.73404 110.67425 311.1389 118.815895 
5 294.87158 43.084206 310.5769 50.67727 
5 143.98064 179.10999 151.78938 194.60257 
5 188.04214 126.73194 204.07224 134.64099 
5 184.7301 152.86758 200.254 160.49841 
5 450.5948 161.92612 457.82684 176.31638 
5 295.44647 372.18066 313.7069 378.9182 
5 298.90204 179.76466 308.37842 191.47469 
5 471.26523 160.11536 480.06503 175.84488 
5 530.94763 134.4036 537.46533 149.28354 
5 293.04807 67.604965 311.6022 119.15427 
5 295.99234 173.37375 311.87546 181.31912 
5 329.97043 325.25208 338.44424 338.70825 
5 298.1112 183.54613 312.83075 190.81322 
5 463.59448 160.27618 471.6228 174.7641 
5 296.05768 128.32625 312.32794 135.20244 
5 298.69217 207.34683 312.96286 214.83069 
5 295.4441 181.5503 310.9928 189.15488 
5 176.57309 517.81476 195.09464 526.8095 
5 300.63004 142.37451 314.36588 151.45282 
5 295.30795 67.85318 309.7899 74.62001 
5 452.02884 158.49176 460.94064 174.02911 
5 293.54248 135.06055 311.11316 143.75833 
5 295.41644 167.67183 311.3119 175.93733 
5 19.142166 668.81366 29.987335 679.68915 
5 193.7683 125.79082 209.72322 133.4576 
5 335.5971 121.29806 349.182 129.14563 
5 467.512 159.3996 475.60178 175.97812 
5 296.07178 130.73102 311.19824 141.54169 
5 296.9954 49.22161 308.91824 67.017876 
5 292.40793 24.917547 311.86026 81.812195 
5 516.5402 28.016161 531.1237 33.699783 
5 294.16547 320.61984 312.49835 327.33328 
5 295.42358 34.873703 310.3036 45.542725 
5 487.14407 229.36139 494.75864 244.42825 
5 706.78296 290.04022 714.9581 305.42938 
5 575.54724 361.1002 581.8685 373.9763 
5 336.15314 125.29802 351.3131 134.98335 
5 309.02966 681.2121 324.5219 692.9366 
5 256.02487 297.12405 273.00735 304.15543 
5 458.61288 324.91708 465.26083 339.30276 
