5 105.055084 31.602352 161.96103 44.43806 
5 753.3775 511.98975 770.33234 522.1786 
5 499.96756 35.633545 520.3867 44.94098 
5 566.4779 39.79386 585.58936 48.507256 
5 650.98694 423.50186 673.6727 435.14365 
5 744.08813 472.67593 759.62036 482.43015 
5 266.02008 9.379465 283.87372 17.435707 
5 348.97562 766.81775 364.4069 778.7971 
5 745.1974 449.24677 761.39954 459.9112 
5 329.59933 30.639318 347.3212 39.9063 
5 35.945843 554.40814 44.355946 569.3194 
5 466.39505 507.09872 481.69156 514.7601 
5 91.20836 404.50494 106.48099 411.78864 
5 42.847332 326.45767 58.373257 336.9763 
5 562.5068 460.19052 619.0944 475.72836 
5 25.130215 520.9589 41.530758 528.4648 
5 213.58824 394.29807 229.66832 403.59622 
5 213.0459 484.1382 229.8114 491.51096 
5 343.9413 506.23526 358.98 513.5386 
5 782.76984 456.81934 798.4847 467.18982 
5 44.59715 468.22992 57.33994 482.83484 
5 782.27155 497.30905 794.1081 511.18582 
5 614.7259 503.38287 630.2662 511.36865 
5 276.88205 507.8024 293.27914 515.2893 
5 236.88655 467.14697 247.71666 480.93048 
5 307.73434 468.59793 316.18875 484.54526 
5 319.23697 505.96866 336.3243 514.0658 
5 595.6612 505.3057 611.30035 513.5024 
5 214.8216 511.48294 230.49338 519.17065 
5 686.2307 491.24908 700.0314 498.85876 
5 504.41302 507.8177 519.6326 514.9388 
5 557.9583 508.2297 573.1817 515.8803 
5 670.24994 494.67548 685.0672 502.83356 
5 208.05765 468.01593 216.3183 481.7166 
5 382.5985 506.51468 398.2975 514.25836 
5 24.407257 554.5949 32.34486 569.1071 
5 188.39183 435.65463 199.56984 449.06992 
5 651.3039 498.4192 666.4561 506.32104 
5 74.56561 421.5534 84.98651 434.76178 
5 578.1427 507.46814 591.2251 514.93353 
5 153.64792 419.65723 166.81528 434.2735 
5 18.386425 333.9484 35.40328 341.7985 
5 206.9324 451.5181 223.46207 459.16 
5 156.45198 468.14474 168.44215 482.454 
5 249.37022 405.79065 264.84988 415.83215 
5 51.652874 484.3745 66.450005 491.76263 
5 483.56036 507.3075 500.81207 514.9394 
5 91.52894 347.69376 108.17025 358.0378 
5 74.88662 340.20297 89.73269 350.23245 
5 110.06019 451.8298 124.77277 458.3541 
5 402.24716 506.67462 418.20584 514.3171 
5 24.295792 318.55557 40.391884 329.1805 
5 192.72615 484.42227 208.84966 492.07034 
5 276.8519 466.34024 287.17215 480.006 
5 87.042625 22.974981 104.184105 31.048864 
5 723.66394 785.07715 737.19666 792.6356 
5 274.13748 483.77075 288.33896 491.05518 
5 21.119284 407.44156 38.450638 415.74887 
5 83.18211 420.3247 95.27203 434.35876 
5 15.966309 467.4421 27.295101 481.82462 
5 41.819 420.74988 54.462234 434.83203 
5 61.66833 420.24094 73.83187 434.0527 
5 95.6707 423.30096 106.82738 436.76715 
5 161.75621 374.26074 176.1617 383.24353 
5 77.11778 775.81744 84.96777 790.57587 
5 177.78267 467.06046 187.62383 481.03452 
5 246.86768 467.2988 257.8708 481.58316 
5 103.986 434.75507 116.61054 449.2038 
5 259.02444 466.06253 268.20523 480.32785 
5 27.053738 485.49084 41.06741 492.56854 
5 15.988865 451.6907 31.377365 458.8068 
5 538.63116 507.90613 553.23395 515.83276 
5 130.90886 516.15045 146.95067 523.78326 
5 428.81708 506.67514 446.0479 514.04126 
5 268.6574 420.03113 285.5606 428.28418 
5 721.6402 775.4471 736.2962 783.0109 
5 123.7853 420.72232 136.03023 434.08176 
5 13.73778 355.17325 28.137766 362.06985 
5 116.86159 468.67902 124.96068 481.6518 
5 362.5298 506.53403 378.03778 514.10144 
5 68.37039 577.8014 75.40057 593.2273 
5 186.23624 468.68826 198.16959 483.22305 
5 0.2730193 522.1768 14.364075 529.57367 
5 90.83056 517.57104 106.92953 525.2897 
5 634.4916 501.619 647.6659 508.67825 
5 178.14609 438.04205 191.29959 451.6891 
5 733.1617 542.0705 754.0983 551.84064 
5 167.31352 436.94254 180.05937 450.73874 
5 158.70862 436.7307 169.83249 452.9956 
5 105.68113 422.50833 117.3124 436.2122 
5 227.45285 466.6746 237.80038 481.25595 
5 217.90755 434.7755 229.67506 448.10742 
5 113.92812 485.51685 129.14644 492.62024 
5 115.885796 421.53873 125.22074 434.93814 
5 146.8253 465.96146 159.22862 480.29684 
5 10.86962 486.20453 25.677391 493.48743 
5 63.381847 519.4905 78.304596 527.10693 
5 31.253532 451.7865 46.75316 459.01825 
5 25.986095 437.96194 36.696598 451.51578 
5 116.57627 438.0535 127.7954 449.3799 
5 176.84702 379.19025 192.12482 389.68152 
5 24.515276 422.27338 33.779774 436.4588 
5 60.40344 333.44247 75.23705 343.27914 
5 234.45885 400.26794 249.48457 409.34943 
5 235.38239 510.75677 249.86734 518.1468 
5 1.7874203 332.9239 16.888124 340.2119 
5 395.3809 702.42035 409.16086 709.1192 
5 56.257793 438.27917 68.59544 452.57715 
5 110.060974 355.76535 125.283936 365.10886 
5 11.480377 421.59283 23.640121 435.08392 
5 110.76157 516.225 126.21392 523.8213 
5 0.4454069 305.7212 10.130321 315.08557 
5 2.6347575 422.17657 13.055647 436.00763 
5 62.28447 452.86407 77.60068 459.80597 
5 77.73967 578.0563 84.30563 592.49927 
5 47.322247 451.7418 62.23907 459.03848 
5 42.81201 395.93335 59.35688 404.2265 
5 142.97415 421.09216 157.17337 434.43616 
5 255.43266 484.35086 271.9251 491.58377 
5 300.39627 506.05716 319.51743 513.65656 
5 95.41548 436.35538 106.59781 450.5887 
5 194.2126 513.3602 207.65068 520.1726 
5 166.79161 421.31732 178.13628 436.40833 
5 43.46631 345.229 59.531387 354.9181 
5 136.69102 484.9976 152.61986 491.9064 
5 133.89404 419.9853 145.13214 433.33862 
5 157.19194 485.1215 171.37279 492.03012 
5 1.2508588 325.66223 14.762661 333.88715 
5 60.01192 351.0508 73.901825 358.91714 
5 165.72784 468.94943 179.79865 482.99228 
5 78.57507 498.15253 93.03674 505.29938 
5 31.967388 421.6558 43.751644 434.4885 
5 72.84758 396.6472 88.914505 404.94785 
5 4.4689817 469.12973 15.779342 482.63864 
5 210.36401 438.662 221.05328 451.77698 
5 20.926691 366.49014 36.673523 373.54575 
5 46.67664 519.5216 62.623447 527.21106 
5 73.78209 406.38342 89.14542 414.52167 
5 97.21103 451.845 111.94415 458.74796 
5 256.01218 510.3781 269.37772 516.7288 
5 178.4167 513.97534 194.74416 521.3334 
5 716.1196 538.8567 727.7417 560.21204 
5 721.82556 708.94635 732.59424 715.4965 
5 15.70245 343.44992 31.488228 352.0499 
5 193.6558 385.3307 211.39745 395.60162 
5 326.54926 469.03082 334.47772 483.23676 
5 723.7498 766.6578 736.0561 772.6401 
5 40.383984 406.52673 54.86468 414.3382 
5 54.872913 396.51932 72.07101 405.0715 
5 217.89563 468.13928 228.16501 480.23132 
5 102.22818 576.2931 108.59294 590.2687 
5 0.025398254 355.10025 9.649145 362.68277 
5 235.42036 484.98184 249.55513 491.71408 
5 127.386116 362.01154 141.71928 370.4803 
5 200.0769 512.20496 215.11667 519.7688 
5 719.55005 757.6315 735.2915 765.32996 
5 5.8901987 309.53973 22.438736 321.26642 
5 449.99112 507.35382 464.51535 514.4884 
5 5.082006 439.15237 15.511913 451.33035 
5 188.9583 451.25772 204.81068 459.73978 
5 299.20258 468.56003 307.16687 481.85312 
5 38.373993 359.88434 52.57628 366.56445 
5 150.91223 513.6214 170.01147 522.03815 
5 25.964714 469.98834 38.796608 482.3167 
5 138.37074 469.2348 146.77681 482.61896 
5 197.91002 467.90283 208.71126 480.7942 
5 316.59192 469.1078 325.28278 483.86682 
5 126.98121 405.52704 144.09868 414.04218 
5 87.75933 467.2398 99.393425 482.57947 
5 0.016453743 452.59604 9.821553 459.54477 
5 73.43794 436.3715 85.49077 449.546 
5 107.05156 467.20932 115.392105 481.8566 
5 94.23456 486.43088 109.70807 493.64737 
5 49.490635 419.95135 61.293316 433.18372 
5 267.40665 467.00885 276.64908 479.4077 
5 145.34627 436.41092 156.82872 448.9263 
5 14.712494 442.5992 28.917637 451.28482 
5 81.74416 451.2192 95.86971 458.13474 
5 230.49023 439.4333 242.78134 452.73962 
5 53.567596 422.1902 66.06053 435.48987 
5 36.530148 396.88882 51.54398 404.70053 
5 177.96063 422.8031 190.06082 435.48248 
5 149.99216 441.16238 160.64957 457.0599 
5 122.889336 432.52252 135.15166 445.88495 
5 136.64444 435.87564 148.2562 447.98984 
5 145.37479 367.00882 159.56964 375.92807 
5 126.15104 469.2215 135.22249 480.54816 
5 171.17471 450.25104 186.7594 458.4997 
5 223.72429 451.04807 237.53249 458.10294 
5 43.769035 437.02557 54.9581 448.84778 
5 720.9848 743.7599 734.09576 751.2018 
5 54.861652 406.36053 69.85049 413.58307 
5 198.37029 436.62598 211.549 449.76215 
5 87.955635 437.76318 96.16546 451.08142 
5 98.87993 399.18173 107.04593 412.66745 
5 37.957485 467.09244 50.052364 480.13803 
5 60.698112 470.7234 74.85682 482.0852 
5 93.13022 578.20807 100.108795 592.5926 
5 306.17505 772.024 313.7973 785.87604 
5 85.16279 576.9652 92.22526 590.4933 
5 124.308754 450.56412 139.73274 458.03714 
5 128.10658 433.65085 137.27113 447.88663 
5 185.24908 423.51813 201.4328 434.14465 
5 36.34403 351.91956 54.20358 359.75934 
5 16.109426 437.37375 25.144098 452.07626 
5 720.9384 735.0359 734.89606 742.99744 
5 239.50922 445.07886 251.488 456.125 
5 176.2536 419.6808 187.2378 432.68414 
5 108.452156 403.8044 123.42501 413.04056 
5 178.01053 481.76584 188.78635 492.22086 
5 722.4193 725.62256 733.4442 734.4552 
5 771.2651 709.1462 777.66644 724.3028 
5 107.48942 439.46072 118.77291 452.3702 
5 720.9481 752.00336 734.2013 757.99457 
5 2.8605433 406.4999 18.836407 415.13193 
5 76.67606 439.64294 86.39927 450.9638 
5 129.49689 421.88116 138.09512 436.26172 
5 15.364039 423.92163 24.859646 437.62054 
5 727.73535 743.984 734.2792 755.4608 
5 170.49573 484.52933 185.32944 492.1509 
5 2.782341 333.34186 11.870355 341.88843 
5 30.903294 345.138 44.80943 351.8452 
5 148.27228 422.5983 160.79727 435.82938 
5 6.752884 340.72107 13.727804 351.0567 
5 95.45799 577.08026 103.09392 588.3631 
5 90.64204 439.4246 98.138954 452.29 
5 0.15632439 419.6545 16.713749 437.71182 
5 771.50525 765.4374 776.9392 777.30994 
5 80.56851 448.55652 91.255005 457.73395 
5 87.26987 578.9511 94.372406 592.3328 
5 31.388767 347.5319 45.4631 354.19815 
5 253.36363 482.77527 268.6095 489.77838 
5 273.40118 452.7103 290.35126 461.13345 
5 221.60895 439.55695 232.97168 452.77216 
5 72.44406 363.49002 86.410416 369.86252 
5 172.67288 468.11642 185.76126 481.79514 
5 0.519536 435.58243 17.844013 453.9341 
5 62.497307 404.3055 74.16674 413.22946 
5 717.6855 741.2803 737.1506 792.5503 
5 0.1381247 485.09338 7.2543726 493.67535 
5 726.36536 733.8418 735.16516 744.8075 
5 35.250065 344.74878 47.364246 353.12097 
5 34.99677 433.50452 46.61732 446.61554 
5 25.649767 399.11307 41.374886 407.3444 
5 156.82053 416.71304 213.03064 436.3666 
5 723.73676 717.4479 734.4921 723.81934 
