3 60.93785 344.6675 67.66107 357.32693 
3 13.586166 49.54355 21.187553 63.885277 
3 106.70808 118.106895 119.255516 122.44338 
3 103.8619 106.153534 120.37707 111.98723 
3 106.50273 119.37395 119.84831 125.9086 
3 6.691366 193.41682 27.443552 201.68968 
3 103.99696 107.902 119.07649 113.8012 
3 105.07798 112.15149 120.74355 117.70505 
3 76.98513 183.15117 92.83286 188.7523 
3 107.82133 116.50144 122.18993 123.56042 
3 105.32055 106.35764 121.91543 116.00799 
5 336.64767 161.67946 348.5867 168.43422 
5 504.34952 123.50673 515.89734 129.15015 
5 438.67786 123.476685 447.80756 128.36516 
