3 366.2848 221.1326 378.36115 249.02231 
3 334.10864 302.07166 346.24957 326.71725 
3 357.3245 300.477 369.19818 326.80057 
3 389.68848 97.987305 402.13605 128.50227 
3 376.0682 63.626457 386.23743 88.153564 
3 526.473 328.99402 536.75995 352.9419 
3 487.4327 184.57199 498.27344 210.72252 
3 594.2316 186.42633 613.52997 238.71294 
3 423.99078 617.7549 433.41754 638.2279 
3 341.0029 183.45956 355.7859 213.88496 
3 189.96391 337.16574 200.31082 363.0611 
3 78.58459 62.40619 91.92462 94.19431 
3 256.68375 592.5132 266.14883 614.60297 
3 357.93878 704.85846 367.15817 725.6891 
3 463.8323 617.4004 473.39697 636.9827 
3 142.9029 338.14 153.29382 364.16187 
3 269.84387 222.4071 281.847 251.17944 
3 518.30835 525.1827 528.75586 548.4156 
3 534.3602 217.83203 546.32745 245.2498 
3 228.04166 101.79953 241.09698 131.08716 
3 549.097 295.20395 560.0461 320.31656 
3 126.54123 191.8668 137.04752 216.74387 
3 150.72754 224.57887 161.48761 251.86343 
3 53.17464 66.614235 65.551765 94.95577 
3 342.8028 220.47983 356.01767 251.94812 
3 415.59674 59.399624 427.2808 86.87399 
3 189.32947 305.46756 200.93489 329.74756 
3 245.94733 186.5272 257.3349 214.74489 
3 414.78177 496.1821 424.23785 518.63165 
3 101.71552 228.93417 113.86247 254.32585 
3 159.5239 624.6547 168.94557 644.5843 
3 279.55072 706.2877 288.7732 726.9056 
3 382.4471 497.88824 392.81674 520.7893 
3 256.3559 437.18457 265.96362 460.59335 
3 222.75337 224.7213 233.30266 249.8722 
3 192.56459 407.4097 202.46765 431.09637 
3 335.2368 95.95982 346.43344 128.47292 
3 415.62045 673.75494 424.9003 695.57806 
3 365.61017 182.65988 377.2599 212.71747 
3 262.01096 335.44568 273.58157 360.80417 
3 346.9565 55.266685 361.7273 91.61008 
3 536.66693 400.90936 545.9688 421.5595 
3 320.59436 529.5111 329.4375 552.65656 
3 503.9038 616.9234 513.366 637.5238 
3 428.9159 57.894463 441.3469 86.556885 
3 112.41542 535.3146 122.81771 558.1549 
3 255.01248 62.310062 266.79504 94.8262 
3 526.388 295.82593 536.6219 320.6809 
3 110.86966 625.50745 120.092995 645.34375 
3 46.882523 339.79672 57.164787 365.60858 
3 205.85974 533.786 216.38086 557.8271 
3 414.46207 184.20418 426.11444 207.99199 
3 151.16995 440.3156 161.39267 462.3397 
3 77.77458 192.94366 88.62775 216.22302 
3 229.55013 706.2167 239.3054 728.28253 
3 150.91634 189.28131 161.36987 215.46774 
3 390.83554 402.05048 400.5572 427.18005 
3 359.51645 403.3484 369.53848 428.02707 
3 494.2865 617.15405 502.9136 636.70276 
3 594.1367 497.09134 609.5052 542.7365 
3 255.7464 406.19525 265.52286 428.74744 
3 247.79955 531.22876 257.5064 555.71027 
3 147.24231 101.87196 160.51198 138.27916 
3 335.83298 620.7093 345.35272 643.6658 
3 334.75333 591.4037 346.11426 614.3242 
3 308.44736 62.582893 320.36694 90.67509 
3 536.91437 294.4173 547.1168 321.84946 
3 454.43637 400.42337 464.05014 424.71683 
3 527.9662 495.53943 538.0711 517.74054 
3 334.3369 334.26498 345.3973 360.53778 
3 462.73795 182.60722 473.18762 208.59862 
3 562.48694 52.658028 576.419 85.02048 
3 81.222305 625.67334 89.71042 646.1409 
3 209.27005 593.6695 217.25383 615.3682 
3 558.12054 183.1024 569.1825 208.62605 
3 319.76877 96.78617 332.42648 128.69797 
3 141.90793 708.70386 151.47159 731.154 
3 334.00275 62.213108 345.55157 90.71179 
3 488.87347 294.40314 499.41458 322.99 
3 456.37576 674.4022 464.2414 695.17004 
3 432.91797 400.28857 442.60724 423.2303 
3 213.70273 437.22614 224.42865 461.20905 
3 214.58775 63.665176 226.05351 95.18807 
3 580.8728 493.16623 592.5199 522.5143 
3 351.73636 529.3289 361.3607 553.18945 
3 510.97772 182.77338 521.59326 208.37558 
3 297.02484 593.0041 305.1144 614.24054 
3 199.76482 680.4531 209.11803 702.6373 
3 80.31918 105.07738 92.29807 133.14966 
3 318.60623 706.1919 327.33093 725.80194 
3 349.60434 96.22532 361.2466 127.78864 
3 423.52322 589.935 433.4992 610.7934 
3 64.50453 711.96234 72.91575 730.81744 
3 294.30817 222.8126 304.7929 249.4903 
3 455.5653 57.483894 467.9449 85.956924 
3 80.29263 505.36777 89.92601 524.9935 
3 567.5647 398.4027 577.47656 421.96002 
3 150.24438 406.78036 161.06412 432.3947 
3 350.93274 498.2477 360.86453 521.155 
3 454.37985 617.8277 462.74603 636.3103 
3 197.67401 186.42473 208.3177 212.4391 
3 227.11375 58.46115 240.76396 95.75467 
3 278.6494 436.02252 288.04242 459.33115 
3 93.31358 337.8458 103.50004 362.7497 
3 318.1526 186.84651 329.92535 213.10696 
3 246.52843 593.2771 255.17647 614.7962 
3 269.50433 186.34392 280.8598 212.58842 
3 222.1168 189.52249 232.55707 214.21387 
3 424.62393 528.6583 434.26538 549.37256 
3 81.060646 536.69714 90.97481 557.00525 
3 216.57384 105.08948 226.62617 127.2115 
3 120.47201 65.37578 131.7696 93.94855 
3 376.75574 705.9226 385.63922 725.2744 
3 406.9513 704.2474 415.74976 723.952 
3 286.77087 406.05927 296.68198 428.76123 
3 542.4033 615.9641 552.09515 636.5486 
3 160.594 680.6709 169.47075 700.9053 
3 415.1763 220.78293 425.8813 246.62901 
3 423.34735 432.99173 433.04706 457.13678 
3 375.82227 618.43164 384.6525 640.53406 
3 437.6758 218.54045 449.4023 245.81789 
3 238.5677 677.9942 248.70052 700.0054 
3 565.7482 97.10542 578.0575 123.53991 
3 524.2751 183.06207 535.276 208.9051 
3 80.396126 602.2225 89.14061 621.74963 
3 387.93402 60.90289 399.63632 88.22449 
3 375.03052 592.10895 384.38666 612.3979 
3 470.22906 94.45509 483.29044 125.16258 
3 294.12827 65.38972 305.79813 93.476524 
3 102.72376 710.27203 111.70851 731.3939 
3 143.40683 534.9489 152.827 555.56177 
3 437.11078 181.60086 448.84525 210.88103 
3 39.83649 72.26988 49.20997 94.88163 
3 213.49408 301.7879 223.06609 325.90802 
3 268.90466 705.9946 278.28885 726.8558 
3 213.94934 406.90015 224.77115 429.06183 
3 181.14581 706.9938 190.79407 729.3121 
3 159.56871 596.64825 167.55183 617.71606 
3 472.95743 588.3267 481.47638 608.69244 
3 402.51135 96.51021 416.06357 130.8503 
3 237.81473 336.97412 248.14629 361.30374 
3 511.59793 217.36917 522.4125 244.52449 
3 112.25226 501.99527 121.54457 524.1288 
3 134.29504 62.618862 146.2823 93.11481 
3 111.88792 711.09955 121.77595 732.45386 
3 235.42204 225.25668 247.49924 250.6772 
3 318.49908 438.2155 328.50995 458.9507 
3 161.48616 441.33978 171.3629 464.3988 
3 240.17102 706.53143 249.41592 728.57336 
3 416.65204 704.0079 425.84357 724.63947 
3 455.8985 495.55722 465.18027 516.14795 
3 183.90349 500.85596 193.34442 525.0617 
3 317.24408 405.70227 326.70218 427.6311 
3 182.29811 405.91068 191.77022 429.10248 
3 341.75302 529.2909 351.07373 552.9802 
3 177.113 304.58203 187.39256 327.46844 
3 120.08402 406.8986 129.38026 430.0214 
3 89.05167 440.27527 99.22335 460.80585 
3 190.01607 680.56824 198.82965 701.5328 
3 151.46959 680.022 160.03043 700.9095 
3 287.9764 678.21564 297.58362 700.39795 
3 560.5077 295.09683 571.2266 319.13727 
3 146.77567 61.08199 159.77293 94.94553 
3 559.51935 493.1893 569.2625 516.328 
3 111.92432 682.014 120.072914 702.5529 
3 455.43918 701.9964 464.86887 723.09143 
3 404.85156 617.98834 416.25806 638.27264 
3 422.3167 401.57422 431.76755 425.37805 
3 495.33157 432.95346 505.18658 455.19168 
3 429.32684 296.75537 439.7584 322.2327 
3 236.67313 529.7861 246.963 555.8506 
3 463.81458 589.04584 472.23865 609.96155 
3 456.68964 97.427376 467.97702 125.757515 
3 88.26351 411.17218 97.54857 430.10895 
3 224.30336 436.27997 234.0963 460.51602 
3 120.19201 440.77786 130.44328 461.763 
3 104.26733 305.66476 114.11589 330.2753 
3 38.22926 106.16429 49.814285 133.84077 
3 133.43121 533.1875 142.42287 554.7465 
3 495.77463 54.035595 508.31705 86.87734 
3 247.23683 499.93253 256.3351 524.29663 
3 454.58966 432.16397 464.54553 454.22156 
3 296.7871 298.81418 306.61212 325.5463 
3 320.50812 497.44797 329.4322 521.0264 
3 513.4 296.02164 523.76746 318.84244 
3 56.57212 230.56656 66.00027 251.58495 
3 152.50906 500.6756 162.27193 525.2968 
3 295.1446 97.95363 305.54428 123.91319 
3 502.36142 328.80423 512.98785 354.0186 
3 57.14108 441.35162 66.584305 462.8317 
3 513.0354 588.01483 520.9343 608.0082 
3 517.628 495.10248 527.0816 516.84985 
3 214.65497 337.39276 224.95297 361.93762 
3 269.26987 530.88983 279.1328 555.285 
3 328.42874 679.0058 337.172 699.4361 
3 261.52435 302.33044 271.50842 326.0833 
3 248.85545 337.09943 258.79523 361.69965 
3 46.892265 441.00003 56.652557 465.47287 
3 558.12244 216.43594 568.60504 242.00609 
3 161.6611 707.9422 170.46242 727.88916 
3 373.81445 529.4061 383.26117 550.5575 
3 200.7399 707.0188 208.88002 729.0478 
3 406.1172 330.5706 416.94095 355.27048 
3 345.4727 619.81757 355.44504 641.3566 
3 328.1684 435.4148 338.37872 459.63925 
3 199.4636 223.42465 210.00935 247.19159 
3 248.25854 302.58066 258.25827 325.93268 
3 297.07492 405.6932 306.42175 428.43915 
3 166.32811 338.00156 176.84325 361.89526 
3 100.95775 190.15181 113.05684 218.30869 
3 174.23775 500.75278 183.52185 525.6592 
3 406.0556 674.538 414.5485 695.4948 
3 382.02725 332.57568 393.01617 357.67438 
3 272.83734 301.6571 282.94418 325.61786 
3 278.01086 677.82654 287.71356 699.65265 
3 328.19824 705.76385 336.8392 725.1802 
3 551.46405 615.25256 561.4669 636.85425 
3 548.2362 400.67908 558.92096 422.29993 
3 249.20811 678.73724 258.45404 700.94324 
3 349.84155 434.17743 358.6751 454.29153 
3 522.45526 51.450844 535.585 87.68283 
3 277.8744 594.2724 286.20035 614.4039 
3 224.32506 301.82486 234.65538 326.22107 
3 120.84939 103.16171 133.87238 135.89494 
3 525.8403 399.5637 535.6509 421.94324 
3 382.7729 440.36026 390.74307 457.40018 
3 81.44021 339.49316 92.9063 364.50375 
3 120.822975 625.9708 129.45659 646.5866 
3 478.2001 526.46857 487.86496 549.93475 
3 70.18893 601.8122 78.79599 620.38605 
3 192.5736 437.678 202.7567 461.603 
3 289.53317 705.4685 299.4423 726.6128 
3 431.00723 102.66174 441.81754 126.972305 
3 502.02454 294.11514 511.97424 319.9041 
3 236.01329 593.6007 245.8224 616.8189 
3 570.1636 179.91942 582.9608 208.99898 
3 93.06439 64.09215 104.29138 91.598656 
3 577.036 51.20006 590.8736 85.20864 
3 120.02644 597.5664 128.71646 618.6663 
3 583.6881 293.6179 593.9947 316.79324 
3 256.00464 101.710304 267.2241 129.95067 
3 358.7273 676.53436 367.54276 696.70483 
3 550.5037 524.9044 559.7939 548.36206 
3 101.21428 625.32886 109.79384 644.77313 
3 465.71594 673.1511 473.99417 694.744 
3 127.248474 229.61362 138.23248 256.12646 
3 470.71756 61.308174 480.9211 87.26771 
3 175.05296 535.66174 184.94298 557.87836 
3 276.83994 405.86502 286.2079 429.2067 
3 178.261 336.60864 188.62738 360.40054 
3 456.33673 526.9308 466.24658 549.4254 
3 441.37354 296.4893 451.01843 321.4169 
3 169.65106 623.60114 180.00766 644.7845 
3 488.12268 527.1895 498.1345 550.9508 
3 308.66626 301.7643 319.94406 325.05945 
3 366.0014 618.7453 374.49112 639.52655 
3 389.54572 184.31064 400.1251 211.21637 
3 190.86278 707.5332 199.61032 729.1134 
3 446.09143 674.93036 454.49496 695.30225 
3 361.57562 528.9263 371.76135 551.0553 
3 405.74554 529.42346 416.15033 550.95703 
3 384.41696 591.8171 393.47223 612.4771 
3 380.7243 296.80505 391.80258 324.81818 
3 329.21564 222.08243 341.78568 250.06723 
3 200.72734 100.12771 214.67639 132.14008 
3 436.2415 675.2982 445.72818 695.04724 
3 568.91364 428.43906 578.32495 450.31516 
3 405.89444 296.67578 415.87045 321.3268 
3 103.8732 338.12213 114.46195 364.70322 
3 376.47 98.62312 388.38437 130.84341 
3 279.44843 499.78082 288.5593 523.65454 
3 413.18976 433.12173 422.0473 456.14847 
3 287.8541 621.0749 295.9955 642.19104 
3 182.56625 438.65228 192.84752 460.35947 
3 542.1633 585.7851 549.48157 605.2229 
3 488.73615 496.1204 496.59488 517.4464 
3 402.71014 432.59372 412.70502 456.99408 
3 548.2989 491.74756 558.1464 516.54834 
3 185.55875 532.30005 194.29956 556.0454 
3 453.9614 589.91473 462.86026 610.1383 
3 411.2676 401.27237 421.4202 426.5184 
3 63.005295 686.16223 71.21007 702.6622 
3 169.10925 595.79144 177.55037 617.077 
3 561.5461 587.59045 569.9138 608.7532 
3 426.67276 674.27637 435.89536 695.0757 
3 268.80975 100.44239 280.71674 131.20276 
3 201.50894 302.9807 211.3605 327.51526 
3 337.0248 705.057 346.2746 724.64233 
3 149.82664 595.8229 157.91904 617.63715 
3 141.6851 303.0352 150.97614 327.42487 
3 110.2376 408.32602 119.20387 429.3372 
3 185.28635 188.43958 195.42574 212.18619 
3 305.93323 704.0929 318.16727 726.1239 
3 450.74533 182.47179 462.78455 208.96008 
3 70.31646 536.3026 80.43541 557.00244 
3 128.5245 306.8894 138.97781 331.88263 
3 284.98288 334.71548 295.68866 360.8061 
3 141.21732 439.60095 150.8028 461.89627 
3 444.6028 617.55835 454.1286 637.7201 
3 101.25985 439.19147 111.49539 460.56403 
3 210.01051 680.4559 218.48576 702.70184 
3 163.09074 225.29158 174.97157 254.76295 
3 245.7355 405.9341 255.07657 428.18604 
3 558.5853 428.58157 568.15625 452.0651 
3 301.2403 530.0824 310.3472 550.987 
3 175.44499 224.82414 186.48595 251.4335 
3 282.97247 224.29483 293.507 250.44005 
3 88.58583 227.23747 99.82473 253.43448 
3 292.9327 184.09459 303.65784 211.5027 
3 340.76953 500.27023 349.53366 521.3159 
3 161.25836 60.526665 176.54579 96.410835 
3 401.1122 402.02264 411.08643 426.19983 
3 200.72377 336.55618 211.3469 363.45627 
3 393.67896 496.1583 403.4497 519.1794 
3 393.22137 297.4227 404.76904 326.2728 
3 453.19504 297.36688 464.22626 324.31424 
3 72.13678 711.12354 81.66331 730.27765 
3 172.5454 439.3267 182.31076 461.55768 
3 433.88718 431.33368 444.0913 455.71973 
3 450.81223 215.75594 464.30267 248.23076 
3 369.75772 297.80902 380.11237 324.4684 
3 80.33565 307.91293 90.255554 328.9561 
3 484.52567 616.3735 493.1262 636.10175 
3 445.3486 432.73697 454.4525 454.411 
3 70.86888 626.11273 79.1121 645.83746 
3 362.28558 496.82147 371.4403 519.00214 
