5 580.2481 596.5464 594.73895 611.45483 
5 725.9269 387.9373 740.90765 404.26062 
5 421.73312 629.0279 432.71033 645.464 
5 285.2513 773.6206 303.67502 786.4566 
5 588.5234 726.3312 602.72125 740.3973 
5 336.2813 338.8326 345.97754 354.9631 
5 151.29196 512.4048 162.25168 531.1739 
5 367.51553 621.9124 376.35086 637.99554 
5 181.57823 569.9033 192.03255 586.05225 
5 423.0825 30.375202 433.4063 45.752975 
5 334.34305 750.6849 350.47504 762.8875 
5 655.00885 494.40228 666.69684 509.05704 
5 63.553143 395.90335 73.13092 411.60217 
5 45.48985 434.32608 55.555565 449.56827 
5 119.18547 266.1105 128.55627 281.07132 
5 134.3973 417.773 143.50812 433.5129 
5 46.361996 401.98965 55.762486 418.28802 
5 543.86993 779.1345 555.8415 793.0759 
5 55.25102 434.40378 65.19592 449.43384 
5 338.19916 662.6257 352.95517 677.1789 
5 597.7543 488.19638 613.5726 496.60764 
5 730.12415 293.9785 745.8021 307.08063 
5 188.618 83.06753 199.6261 98.372345 
5 295.87317 215.16266 305.20248 230.5015 
5 104.557205 389.0833 113.72223 405.10556 
5 417.10043 548.0912 426.89923 564.23474 
5 424.743 136.4304 440.77316 144.5962 
5 530.39294 51.894997 545.1126 68.26127 
5 113.16919 419.66672 123.470314 437.09827 
5 72.77068 394.68887 82.55201 410.68607 
5 128.30775 379.92014 139.43999 395.51416 
5 120.34886 386.56207 130.05197 402.69373 
5 356.5442 318.28754 367.29968 335.4233 
5 350.50586 707.1357 366.52216 724.6962 
5 37.13338 186.41281 46.939278 201.40282 
5 692.5867 350.16074 708.3903 364.036 
5 559.8379 773.60974 573.0308 787.9643 
5 321.91568 390.40536 337.1459 400.45062 
5 315.49295 360.2503 330.03012 369.18613 
5 330.4203 440.53806 347.63245 455.23264 
5 126.36485 95.37291 135.72725 111.08212 
5 126.21473 445.2995 143.1428 455.16324 
5 15.438271 440.90616 25.226057 455.53644 
5 530.9355 270.4485 544.2042 284.52698 
5 466.98346 394.27136 481.22656 407.94165 
