5 758.9257 139.07196 769.3863 158.5925 
5 390.53357 165.34744 401.31393 182.21501 
5 509.94943 739.6526 520.10767 755.1544 
5 333.19116 79.97865 349.5139 88.962 
5 743.4493 28.322905 752.9862 45.05732 
5 373.3556 446.70786 385.93402 458.26373 
5 766.67145 264.11926 776.97003 284.43216 
5 581.218 395.37192 592.1187 410.15024 
5 376.53876 44.18172 386.45428 61.49083 
5 26.84813 519.33057 43.316513 527.7515 
5 468.58463 708.3171 481.10098 721.35394 
5 566.8225 445.21677 576.3928 461.94293 
5 613.55786 32.560307 629.7691 41.111355 
5 286.6704 444.50616 297.2815 460.20435 
5 447.99234 404.56104 457.40637 420.01767 
5 749.5734 782.3884 765.35986 793.7712 
5 726.5272 420.04156 735.26953 433.18698 
5 54.222126 331.85925 64.414215 347.5175 
5 159.64943 517.7131 169.04944 532.99615 
5 414.59705 227.87361 423.10352 244.03848 
5 766.8369 783.47186 783.07404 793.0619 
5 295.76996 493.12875 304.24405 506.81955 
5 31.18167 209.78917 41.52577 224.25392 
5 79.90746 610.3052 87.83305 624.7214 
5 510.81946 454.99426 522.5402 466.62616 
5 6.763629 203.45131 15.337386 217.43315 
5 343.0886 7.324498 352.35757 23.20961 
5 240.14209 501.3373 248.63103 515.1397 
5 128.37025 476.50452 137.84796 492.10178 
5 770.3408 398.62894 784.1691 408.1464 
5 302.78058 444.50046 312.82794 458.62497 
5 479.01443 459.0608 488.73285 473.11975 
5 327.49033 438.92636 338.82877 451.9108 
5 225.68816 485.16843 243.58377 494.30078 
5 120.223755 526.7621 128.66054 540.1668 
5 263.86267 501.72855 272.55905 513.78986 
5 736.2756 101.673164 746.27203 118.5837 
5 373.75165 240.8857 389.47385 249.71964 
5 207.48584 509.71786 217.88918 521.97455 
5 739.1834 201.31511 755.01624 210.0822 
5 704.4952 422.87704 714.0541 437.81653 
5 33.008316 348.55392 42.06228 362.75916 
5 479.98404 583.5587 488.38037 596.94025 
5 21.50116 290.36682 30.736122 305.058 
5 32.53304 334.008 43.739594 346.4673 
5 607.38403 436.02936 618.4682 451.22684 
5 143.24985 782.7731 151.96913 795.94586 
5 564.94275 782.1175 575.2847 797.61346 
5 111.16673 475.66922 119.994446 489.81613 
5 111.30965 711.2391 119.84719 726.4159 
5 646.70184 431.3147 656.7873 447.78568 
5 16.479012 236.37485 24.291653 249.76978 
5 517.4054 454.54938 527.6471 466.12967 
5 230.82195 502.85477 239.97049 517.083 
5 485.7785 55.344 499.49985 62.023052 
5 563.2336 42.062096 579.30896 49.17681 
5 37.846222 247.18907 48.07118 261.61603 
5 365.01065 141.12088 374.69104 157.38924 
5 101.82681 732.0311 111.38375 747.0817 
5 472.25293 521.59467 480.55753 535.6249 
5 657.4308 428.4988 666.93414 445.74457 
5 737.06934 753.91016 745.85187 768.7847 
5 373.27518 477.61835 382.6571 489.56805 
5 448.49673 575.37115 458.25717 588.77686 
5 374.749 225.30707 385.98386 233.68184 
5 579.87494 64.47719 592.65125 72.43689 
5 404.9851 355.65787 415.86282 368.82416 
5 258.49292 464.32706 273.9962 474.0757 
5 407.55963 471.63498 416.9908 486.34647 
5 348.35544 439.23877 359.95175 449.48047 
5 748.50116 750.6847 761.7428 763.6513 
5 307.46576 112.65628 323.7115 122.03112 
5 411.12283 368.4808 424.65332 377.06915 
5 414.25116 404.53214 424.6994 415.7661 
5 430.17856 262.90298 442.0218 273.9715 
5 88.73207 152.25232 102.67622 159.6329 
5 519.93616 421.9837 535.5245 431.21378 
5 345.45636 26.530048 354.7463 42.777885 
5 525.05273 402.92703 534.9614 417.7724 
5 430.99963 89.23999 446.9286 97.52757 
5 361.16544 40.484505 373.09015 63.21901 
5 61.005806 357.4711 70.47641 372.98618 
5 789.33673 148.60445 799.18884 165.13455 
5 79.0526 596.86127 87.38221 608.41187 
5 717.9994 373.3351 731.8212 383.51968 
5 542.3108 448.9466 551.5524 464.0805 
5 28.884132 188.95038 38.51806 206.88414 
5 372.0246 171.96867 384.38254 186.12483 
5 458.68466 679.30023 473.20297 690.35803 
5 39.77387 377.90594 48.793007 391.83478 
5 41.31761 395.83234 50.87201 411.77664 
5 71.37498 409.46597 79.93718 423.38434 
5 202.25775 489.07236 216.43831 497.22833 
5 304.21393 492.5618 313.38077 506.73605 
