5 142.2859 323.38568 152.05283 338.97272 
5 459.11835 367.93768 473.20407 375.4367 
5 301.26672 392.1358 315.24472 401.82382 
5 479.89838 50.03738 489.24603 67.73111 
5 27.849272 416.7036 44.72773 425.3548 
5 720.1188 333.6765 729.1001 348.45477 
5 205.42183 63.33759 219.12492 72.0307 
5 488.13724 93.211586 497.2383 107.17771 
5 412.2578 352.45596 426.33713 360.41296 
5 509.7279 51.46158 519.6817 66.87908 
5 103.34041 71.31547 112.48197 86.05095 
5 29.044292 609.0825 43.46062 617.13904 
5 60.35057 263.46088 73.72471 271.73947 
5 638.7637 347.90692 648.7797 362.3839 
5 600.702 586.9942 609.7916 603.6225 
5 743.5647 60.098064 752.715 75.314644 
5 78.84901 496.1508 94.06482 503.76907 
5 626.2832 574.832 641.6042 584.1224 
5 782.0641 294.39127 798.5488 306.52643 
5 395.95987 376.66034 415.206 385.37265 
5 646.7335 318.9494 662.2194 327.59665 
5 104.08175 126.53883 111.62196 139.58102 
5 576.3207 421.2878 584.645 435.95636 
5 161.26595 375.1138 179.24718 405.46628 
5 608.70624 574.0172 617.7793 587.7011 
5 10.564841 272.3158 25.32789 280.94543 
5 176.55214 68.45362 184.17964 81.28768 
5 104.45099 515.74554 112.27568 528.8842 
5 57.724133 64.25767 73.08184 71.93824 
5 93.274345 256.93198 106.01661 264.52603 
5 142.8963 180.54482 151.28046 195.76262 
5 77.21235 433.05817 90.59546 440.78137 
5 544.7884 253.7832 554.0559 269.24997 
5 24.754951 253.47998 41.622257 263.69968 
5 525.9013 398.38434 539.29266 407.65448 
5 548.5316 206.66084 564.84705 214.57191 
5 462.62247 344.41757 475.5648 352.1137 
5 261.77408 29.478554 276.6895 39.961246 
5 137.58348 163.65314 145.64017 177.80164 
5 346.7013 360.87042 362.79117 370.18588 
5 673.0953 340.64624 682.702 355.27567 
5 151.12263 232.42679 159.94135 246.53195 
5 235.5406 33.6051 252.11427 41.38224 
5 112.03702 24.343464 121.56958 40.280247 
5 599.406 471.31906 614.0927 479.85562 
5 519.292 188.30524 527.9201 201.24214 
5 13.714138 95.38423 28.312088 102.376205 
5 119.44591 193.77013 127.91218 208.13345 
5 165.56102 293.47192 174.6697 307.34906 
5 685.6899 339.85324 694.2404 352.32993 
5 3.5668726 73.37521 19.080286 81.51906 
5 133.123 139.54552 142.2988 153.82777 
5 485.09244 76.898415 494.57367 90.533745 
5 222.91219 62.81446 230.67778 74.08737 
