5 271.1542 572.1103 281.20505 586.4399 
5 462.39618 736.30585 477.55206 745.7596 
5 303.26215 564.4829 311.7276 578.6453 
5 444.16333 671.2793 459.6347 679.6779 
5 316.7828 527.1717 330.4572 535.0726 
5 389.40765 621.38983 399.38828 637.1788 
5 428.90106 543.2013 444.01816 552.6251 
5 51.64982 639.48883 68.5043 647.9948 
5 705.42194 677.2568 725.7324 688.64777 
5 478.14667 551.34344 488.04657 563.5925 
5 2.0082626 368.6384 51.705894 390.73767 
5 312.09048 564.0935 319.8618 577.1383 
5 444.17404 680.7752 459.89587 689.2537 
5 293.69836 564.868 302.73914 580.7223 
5 509.8238 657.2734 520.3546 675.10706 
5 119.590866 500.06674 130.13301 513.9881 
5 702.3843 731.8395 712.91315 752.1853 
5 496.43686 667.168 504.58835 681.26575 
5 68.8046 678.6605 82.37608 691.8499 
5 235.87396 41.5502 250.37923 49.660175 
5 442.64258 703.1275 457.9567 712.9733 
5 350.8783 654.91766 365.30377 663.8233 
5 82.63114 667.92316 94.75934 685.415 
5 400.00186 353.43567 408.8295 368.1193 
5 485.00833 496.06375 495.33572 504.14642 
5 433.95148 616.6388 449.04477 624.9034 
5 564.7092 32.96944 581.29895 56.25595 
