5 660.2649 740.452 674.0089 754.6418 
5 269.78943 571.01654 283.29742 587.8078 
5 547.9132 612.9431 563.9293 627.8361 
5 425.44077 539.4034 441.9683 556.77484 
5 186.93341 444.09845 205.67365 459.61588 
5 562.6242 557.1212 579.55176 570.7436 
5 243.69614 406.62494 260.0057 418.3096 
5 532.24615 602.77094 548.68164 617.39154 
5 307.05203 469.62027 321.2042 483.3293 
5 151.14911 547.9496 167.15112 562.8153 
5 342.19913 380.88904 357.28043 395.54095 
5 373.1383 573.4296 389.17194 587.0903 
5 414.6388 661.81445 427.16983 674.3602 
5 387.96106 583.3223 404.57373 596.2944 
5 756.43134 593.1249 773.10864 608.80774 
5 587.0946 506.03223 602.5408 522.2248 
5 566.62463 580.47723 581.6876 595.83746 
5 603.70734 472.9579 620.78564 488.73306 
5 365.31528 589.2842 379.10266 603.2676 
5 198.32817 532.6134 212.04358 546.25964 
5 782.01385 58.025085 796.8045 74.880585 
5 308.04465 534.6303 323.44702 548.28925 
5 172.08209 461.3001 187.59358 476.34525 
5 35.491013 605.8071 50.53723 618.8006 
5 606.4116 406.86072 621.1194 420.39648 
5 390.42044 646.2658 404.5524 659.83453 
5 695.17566 715.58875 710.03455 729.9668 
5 580.6092 394.36096 596.0897 409.06772 
5 572.43317 629.33704 589.0927 643.94507 
5 293.01184 589.75684 307.44656 603.0717 
5 363.50925 631.84106 378.74304 645.85626 
5 230.16985 551.1437 242.89566 564.6265 
5 341.87457 618.18146 355.63693 632.0388 
5 461.58826 156.27052 478.3377 171.96164 
5 172.72845 485.6809 188.07364 496.91214 
5 451.08292 553.2842 468.31647 568.5936 
5 581.8326 180.31699 595.9114 194.22137 
5 540.7524 435.7726 555.81775 449.8553 
5 483.57922 575.41846 499.9344 589.3151 
5 6.103614 635.5134 20.776384 650.4531 
5 436.5181 611.3078 450.85486 625.6799 
5 21.702614 619.66974 35.99638 633.122 
5 508.62476 653.795 525.67004 668.1444 
5 453.88382 685.7484 468.00812 699.29675 
5 693.66504 758.4906 706.5701 772.91705 
5 590.05316 597.05005 605.7468 610.64154 
5 475.68225 635.59106 490.21884 649.7844 
5 483.43408 134.1807 498.72586 148.73145 
5 318.55005 494.68365 333.3025 509.27017 
5 624.93243 548.4078 642.8565 564.1502 
5 718.4309 729.4712 732.30554 745.9472 
5 497.89035 731.6482 514.7703 747.3681 
5 506.56818 603.28485 522.0701 619.26355 
5 276.2363 514.6379 291.78824 528.71484 
5 475.868 397.31485 490.16623 410.6397 
5 420.3196 602.43744 435.3014 616.5835 
5 132.01855 567.6747 145.69766 580.89465 
5 345.53363 362.9819 362.00354 377.22693 
5 531.3523 558.2182 546.0479 571.3142 
5 548.53436 69.21171 564.04065 81.52523 
5 462.78818 517.0543 476.31384 531.0876 
5 379.1144 512.0751 394.57956 525.6145 
5 213.16466 541.96594 226.86919 555.1073 
5 723.61145 661.3208 737.3637 674.15753 
5 501.37897 475.03973 516.53876 489.4908 
5 405.54532 548.59216 420.38092 561.95404 
5 573.35297 306.46826 588.8369 320.2535 
5 492.91528 646.2509 507.4418 659.785 
5 333.76794 505.25937 349.74112 520.6252 
5 527.6978 620.87775 543.8065 635.71 
5 108.872826 548.88257 125.336655 561.10706 
5 355.72836 561.88666 371.1317 576.29486 
5 577.6214 35.30837 593.5054 49.736443 
5 421.7211 621.91833 436.27087 634.69946 
5 468.4783 694.1873 481.85263 707.99854 
5 563.39233 382.58524 579.54803 396.91925 
5 324.67114 608.181 338.4052 621.3696 
5 350.24582 623.3343 364.7295 636.97406 
5 388.7698 604.20215 403.77036 618.0475 
5 95.1027 541.83496 111.07245 556.01697 
5 403.91354 592.52893 420.6289 606.7389 
5 499.18954 116.10482 515.6027 131.30719 
5 667.48987 763.90765 682.6036 778.59894 
5 484.73962 639.25336 498.41772 653.04236 
5 111.62174 525.0781 128.5064 540.16516 
5 486.6352 661.45605 501.57025 675.03235 
5 542.16766 564.51794 557.2906 577.8819 
5 164.59604 495.49005 178.86148 506.52448 
5 131.86888 502.80682 147.89761 517.5599 
5 301.9487 485.52585 316.75537 499.27325 
5 524.32904 679.9674 540.8815 693.89777 
5 323.69205 542.609 339.73273 555.80023 
5 703.54333 693.4549 719.57526 708.44977 
5 518.81036 551.5593 531.909 565.0134 
5 331.92905 317.97644 346.21317 328.97925 
5 614.0888 542.64886 626.8548 557.1462 
5 332.26016 548.8641 347.28864 561.771 
5 48.923325 590.1979 64.80286 604.9976 
5 325.80273 301.13654 340.013 315.21597 
5 323.4855 564.51227 340.43555 578.0111 
5 219.58208 500.7592 232.2358 512.9222 
5 333.08893 570.62213 350.9396 584.8621 
5 132.0702 526.57086 148.2475 539.08136 
5 318.16 430.9672 332.41324 445.028 
5 750.4562 659.6523 765.0966 672.76404 
5 443.31598 637.3697 458.67392 649.9487 
5 562.3679 52.47158 577.46857 67.28892 
5 308.86206 598.146 322.94592 610.8608 
5 462.47714 582.83417 478.20758 596.5233 
5 398.42575 652.4568 413.5512 666.6571 
5 294.82462 548.58246 308.59216 562.21533 
5 471.15094 653.7666 485.64398 667.05646 
5 374.95795 594.2923 389.5109 608.9712 
5 490.2215 663.4872 505.163 676.91473 
5 310.68796 556.1994 325.7598 568.6729 
5 283.97394 455.03833 297.64926 469.0274 
5 402.86972 654.9172 417.76364 669.56104 
5 476.1693 654.9195 491.12302 668.3085 
5 491.35764 708.91504 507.36066 721.1698 
5 384.63193 322.6564 401.75687 337.94537 
5 644.3251 432.39844 660.23004 445.86655 
5 428.27417 670.69617 442.27936 684.41705 
5 241.46994 390.2071 257.55334 403.01495 
5 356.2684 519.97015 372.95605 534.2123 
5 428.79907 606.25366 443.63235 620.1711 
5 333.82877 613.65155 346.60632 625.94257 
5 460.37424 646.49005 475.45517 659.1592 
5 435.2151 630.24774 450.52206 642.79297 
5 259.83527 453.99734 276.79422 468.29572 
5 294.3356 480.16998 307.0327 493.67902 
5 578.78046 568.41565 592.87366 581.3358 
5 141.56358 518.14905 157.12035 529.1603 
5 203.52835 453.4219 220.47455 464.9051 
5 307.179 342.08197 322.12726 353.87674 
5 349.80338 579.7865 365.58463 593.98096 
5 491.96277 597.38184 509.0555 611.78314 
5 380.1619 639.65265 393.6824 653.9834 
5 224.78233 406.6411 241.01381 421.701 
5 554.5001 637.83813 570.20856 650.54803 
5 341.3462 282.2955 356.88272 296.47153 
5 364.48776 566.2662 378.58902 579.60114 
5 580.1279 588.68274 596.0982 602.52625 
5 155.63728 502.69806 170.65248 514.20294 
5 611.869 587.4433 625.20374 600.9316 
5 392.70844 228.6561 408.80658 243.75748 
5 467.3941 175.38765 482.3602 187.8527 
5 446.87704 681.6499 460.91058 695.9195 
5 330.42654 419.43274 345.83948 433.56348 
5 379.98178 596.8855 395.30212 610.78217 
5 482.2298 509.61798 495.74756 523.6891 
5 380.55035 404.02838 398.03137 419.29996 
5 437.13574 675.41705 451.05844 689.48846 
5 558.3912 78.562836 575.4251 90.64393 
5 396.79172 606.67554 411.16165 620.0476 
5 452.08905 574.6039 467.59573 587.7124 
5 733.0147 709.5742 746.15656 724.14557 
5 294.1773 356.70978 308.7143 367.47305 
