5 130.87555 318.55148 147.75801 331.00555 
5 34.38034 331.0997 52.663162 346.0914 
5 162.76884 365.40945 181.05565 378.515 
5 581.1111 501.03622 593.24884 517.51154 
5 504.8397 502.72 535.6709 527.1749 
5 156.54848 375.38525 172.50139 386.37964 
5 674.80664 593.71497 706.61725 618.8224 
5 625.25775 547.3735 644.31085 560.86884 
5 392.5933 698.5529 409.50732 715.5058 
5 149.3993 382.6818 165.33453 394.5858 
5 48.067707 405.0459 66.23286 419.37244 
5 87.788605 442.57114 107.11678 457.87997 
5 186.48259 371.62073 205.22864 385.59763 
5 132.32416 429.9932 149.70096 442.47577 
5 139.44437 421.78558 156.44945 434.52423 
5 51.431458 483.9917 67.54257 497.3451 
5 27.705425 590.13947 42.763767 601.8332 
5 394.82965 406.01526 411.21152 421.36353 
5 346.9352 396.60226 367.9379 410.7952 
5 773.92096 598.0288 786.9182 612.1633 
5 39.914577 413.4472 58.775482 428.67694 
5 318.65558 358.1361 333.14102 371.58316 
5 42.84311 491.47824 59.69623 505.60718 
5 757.71454 589.4681 771.6672 602.88544 
5 20.406816 513.8906 38.350815 529.34564 
5 612.39764 509.22028 623.925 524.0087 
5 133.43997 341.73752 150.22096 354.33765 
5 115.32284 278.3853 131.52626 292.10556 
5 325.50626 414.99417 338.9464 426.8344 
5 53.399334 388.6918 80.24809 409.01797 
5 309.8233 404.76392 322.08386 417.0815 
5 15.924778 436.15167 34.255478 450.4986 
5 83.42179 476.47046 99.76527 490.4492 
5 128.98831 484.78223 146.92474 498.7219 
5 252.83403 362.61298 267.90558 378.38214 
5 60.912342 470.7465 79.28299 485.65607 
5 94.12274 357.20386 109.98079 369.18933 
5 391.39807 437.54147 406.97787 449.41577 
5 532.23566 485.08167 545.7163 498.85782 
5 37.059414 582.22363 52.098244 593.3214 
5 428.92056 427.17395 443.8405 441.64902 
5 360.36066 716.862 378.99207 732.33417 
5 93.240036 468.8624 108.48197 482.01288 
5 78.79628 453.55264 96.306625 467.23395 
5 13.562016 605.4521 30.7261 618.36206 
5 26.516808 541.01117 43.578335 554.0219 
5 81.474365 367.3959 98.74993 380.52145 
5 419.27182 421.2892 434.66824 435.1321 
5 137.3101 477.13553 154.97173 489.7971 
5 10.038132 525.21985 26.11292 538.5974 
5 68.71749 293.10297 86.48462 305.9808 
5 621.94104 513.5485 634.50574 530.1129 
5 125.3444 350.7979 142.30095 362.27713 
5 43.684547 573.83167 59.300076 585.4403 
5 293.48114 347.1006 308.50363 362.12424 
5 148.58742 326.50024 163.73656 338.01627 
5 154.22044 460.37778 171.72543 472.6986 
5 108.9892 366.79678 130.18434 377.11816 
5 155.91338 405.77112 172.35127 418.18896 
5 129.01837 405.1557 144.92026 418.12466 
5 123.84514 438.59256 140.99263 451.96664 
5 10.546241 558.20593 26.054573 570.0927 
5 194.13292 338.12222 211.42882 351.43286 
5 41.717186 525.38794 58.309402 537.5556 
5 105.57222 342.1515 123.194824 353.87634 
5 87.09101 525.6013 103.94952 538.07056 
5 2.385398 533.81274 17.553112 546.918 
5 405.62683 411.96347 420.82605 425.99762 
5 71.11689 379.80914 88.65847 393.26917 
5 163.38829 396.01663 178.73465 408.5003 
5 36.866707 532.82227 52.285233 545.07965 
5 484.3139 611.5999 498.22113 625.7071 
5 381.6321 447.69727 394.1875 459.77902 
5 430.52026 672.3046 476.3777 722.109 
5 170.38475 354.84726 192.10818 369.25534 
5 141.65686 334.03232 157.46611 345.747 
5 59.06099 556.59265 74.56243 569.1072 
5 76.508606 286.29208 94.98267 298.91586 
5 565.6456 496.70425 579.6523 514.58984 
5 131.93175 548.94965 147.61288 560.7722 
5 60.287033 299.96664 79.48338 314.54807 
5 541.60956 489.72806 555.998 505.39484 
5 442.343 435.0355 456.84415 449.2679 
5 766.5789 594.1743 780.18134 608.6346 
5 475.598 592.9107 493.37695 610.3281 
5 417.9187 654.05994 432.89288 667.1146 
5 740.7372 630.80945 757.15344 643.1865 
5 104.55818 509.4378 122.55776 522.9397 
5 483.31677 458.19308 499.19324 472.88132 
5 61.121124 501.96967 78.44413 516.7413 
5 118.40466 358.16943 136.6177 368.85208 
5 183.71265 484.33667 203.37927 499.68033 
5 590.90857 504.0339 603.4845 520.64404 
5 120.61122 492.69217 139.15504 506.31873 
5 114.57964 333.17465 132.68297 345.44733 
5 98.90607 379.56976 115.86105 392.68884 
5 148.03876 414.10156 164.4055 426.12476 
5 32.126343 504.83078 49.04011 517.66223 
5 67.36167 549.33685 84.47015 562.19855 
5 90.835976 275.34756 108.5566 288.38156 
5 73.16998 543.1122 91.47201 556.04785 
5 48.995758 312.43076 66.408165 325.4376 
5 56.764626 261.95096 78.32422 277.08878 
5 782.26337 602.31775 795.90717 617.4471 
5 692.45337 550.8064 708.3114 564.3832 
5 476.25458 454.87564 491.82556 468.816 
5 112.48504 501.83728 130.81505 515.6553 
5 44.274918 631.78467 59.446453 653.31555 
5 72.8681 490.7495 90.95002 504.97595 
5 97.894394 516.3566 114.975105 529.20337 
5 355.2398 417.15472 371.63727 430.29517 
5 174.6553 384.33008 191.8614 396.90216 
5 144.1817 469.01535 161.90878 481.75208 
5 170.5837 518.04156 187.72705 531.76666 
5 452.62607 492.9521 470.26184 503.29443 
5 161.44344 452.2007 178.06816 464.63293 
5 139.6311 393.4695 157.11015 406.26068 
5 685.44507 548.5293 701.3062 561.32227 
5 716.6439 565.2528 731.0871 578.7812 
5 734.2362 574.7966 749.104 588.5063 
5 21.349983 598.0881 36.532417 609.1829 
5 371.55804 391.55057 385.30115 406.6652 
5 119.159874 413.04785 136.02911 426.21747 
5 51.074783 565.0571 66.34388 576.6731 
5 99.177574 432.51257 117.997826 447.7744 
5 395.1707 748.6231 413.24252 761.2857 
5 659.4742 531.0831 675.4801 545.63824 
5 101.4627 461.0585 118.88859 474.9448 
5 41.786316 323.49985 58.72004 336.111 
5 470.53943 451.14792 485.66772 465.0645 
5 186.70543 502.325 206.29495 517.3392 
5 461.96063 445.7751 476.55905 459.4407 
5 518.57263 478.11768 532.79407 492.04193 
5 263.9404 379.17245 277.03122 393.83905 
5 677.9103 543.08527 692.734 555.12634 
5 111.51897 423.14294 127.717926 436.5971 
5 91.15326 388.29575 107.01814 400.81705 
5 328.41998 386.61673 344.08047 400.26712 
5 109.44244 454.3332 127.37323 468.1837 
5 18.606026 549.4761 34.5463 561.2974 
