5 21.755142 688.59674 33.67796 708.26624 
5 123.48828 547.16406 141.13214 568.06006 
5 355.6948 354.2566 390.16962 374.32596 
5 184.26477 517.45404 214.82631 546.0251 
5 125.99897 99.00214 136.28827 114.77312 
5 127.62713 161.8998 137.01476 177.23152 
5 70.43961 694.953 81.719284 709.8515 
5 135.26378 123.65429 145.93939 139.33656 
5 350.08987 681.09875 371.23233 705.1439 
5 246.05244 460.38715 261.9437 473.435 
5 635.841 664.2835 654.4728 672.6535 
5 357.3629 413.1979 374.24515 424.35526 
5 103.743996 204.25974 117.8294 229.85391 
5 748.04 479.8518 763.30273 519.753 
5 80.44662 385.60028 90.98389 402.80997 
5 671.6496 266.33182 728.4071 298.0612 
5 691.1881 63.601536 708.4712 104.47633 
5 148.39761 570.43805 160.38336 584.6137 
5 686.48425 614.34894 695.75244 628.79877 
5 55.42508 708.7431 65.464035 724.7243 
5 70.83182 657.3027 81.39399 671.57654 
5 72.59596 780.02356 82.12062 793.502 
5 527.6985 401.17316 539.9575 419.13202 
5 483.33905 312.93695 500.36218 324.10226 
5 696.9658 103.33675 713.6024 143.51343 
5 420.3369 45.557903 434.3813 59.287685 
5 650.3664 467.35703 666.7855 479.46924 
5 461.42035 357.60056 475.12955 367.15598 
5 32.877693 778.67883 43.83098 793.5597 
5 463.02643 114.60481 477.7209 128.71237 
5 574.58813 512.20874 585.57184 521.0377 
5 462.85437 534.8005 475.65308 549.6091 
5 12.771136 587.1504 24.143969 607.6289 
5 503.5729 310.77136 524.5406 324.252 
5 117.18285 668.9405 127.767586 687.7006 
5 686.3354 629.80975 695.23285 643.1778 
5 774.8086 212.85356 793.356 224.0569 
5 40.9408 748.16205 52.083817 763.344 
5 52.661427 471.53833 63.90545 488.54446 
5 291.26804 432.67145 306.6685 443.7262 
5 118.02788 635.0467 128.36967 648.8263 
5 574.8312 751.9104 591.8882 760.1222 
5 701.76154 140.64024 719.3436 180.60367 
5 587.3582 280.5685 610.09863 293.10983 
5 20.626139 638.08026 31.10015 654.5857 
5 572.9541 760.58203 588.6334 769.6275 
5 707.14777 178.37561 724.3956 213.33684 
