5 214.1361 20.250137 227.48978 36.25272 
5 573.30676 276.38513 583.9901 291.12228 
5 238.43886 137.72327 250.44759 153.25833 
5 516.6216 113.930435 529.54047 131.2515 
5 607.0956 453.67896 619.36615 469.7958 
5 622.8793 735.7956 636.39746 753.37146 
5 5.417822 362.30786 17.56497 378.3128 
5 382.59216 454.62128 392.45245 467.2146 
5 294.21103 318.43582 306.73743 333.06207 
5 607.1726 706.7589 619.5513 721.3367 
5 287.6402 283.64313 301.29196 298.85648 
5 346.48856 414.00543 382.77652 428.08365 
5 681.08746 781.9697 698.17145 791.7131 
5 338.41537 402.93304 375.67123 417.79117 
5 357.32367 472.55286 380.92905 482.16895 
5 239.45181 238.7255 259.25574 247.44106 
5 334.89316 391.28537 370.0667 403.65216 
5 291.56076 302.8017 304.19202 316.80124 
5 364.9824 455.89832 378.55856 469.01245 
5 429.9446 460.96616 449.48865 470.9403 
5 279.69464 252.95969 292.31873 268.87344 
5 224.7827 61.301517 235.9076 77.714714 
5 319.74545 420.00946 333.95148 437.10666 
5 207.9651 240.76868 230.0037 249.35513 
