5 529.5368 327.6436 547.38794 348.322 
5 294.27966 410.77252 304.4436 426.87943 
5 452.8171 316.99475 464.9753 334.24738 
5 274.5884 672.26904 297.70596 681.43634 
5 447.27295 280.96567 458.57645 298.29846 
5 269.36536 711.41437 292.77557 720.96826 
5 485.0647 281.83276 498.64825 297.94766 
5 410.39725 281.48947 424.96173 301.7252 
5 321.7992 360.04468 344.56653 371.13873 
5 460.5272 282.8961 473.36005 298.39545 
5 35.622158 373.9279 47.969208 390.03683 
5 44.792805 388.605 56.64355 404.762 
5 732.4697 233.34872 746.6215 250.76451 
5 31.78577 389.90222 42.805992 405.31024 
5 421.9307 616.187 442.5939 626.2124 
5 781.8445 347.11298 795.8743 367.32605 
5 628.9262 623.0161 654.14624 632.57007 
5 440.95596 317.46368 452.44086 333.45013 
5 172.13928 462.4079 194.53732 471.41797 
5 416.86093 316.22858 429.0796 330.66537 
5 476.71423 318.4551 487.74857 334.06693 
5 404.7095 315.23657 416.32248 329.76077 
5 111.71615 382.91983 134.96217 392.1794 
5 48.390217 41.78949 58.90427 58.126217 
5 28.876123 44.475616 39.395386 60.969643 
5 117.959404 299.95474 141.29845 310.95435 
5 266.07147 172.82103 284.87674 183.13005 
5 459.88156 222.11246 471.80484 235.81232 
5 428.3326 258.87332 440.39578 274.58466 
5 265.4612 761.19214 285.66702 770.994 
5 430.03024 316.76117 441.17535 331.33112 
5 439.31955 194.80386 455.47815 210.09904 
5 272.61353 691.34186 297.7742 702.8252 
5 450.557 259.43622 463.3822 276.34802 
5 330.70245 464.09064 347.93466 472.6966 
5 143.56822 226.28784 155.1937 240.33572 
5 96.34731 742.2097 107.960464 759.3735 
5 447.93915 225.44427 460.8331 240.26389 
5 331.48123 455.28018 349.89532 463.85983 
5 256.86392 181.92682 277.57 193.90666 
5 228.38385 159.13708 249.23581 169.419 
5 567.8104 619.9347 589.764 630.391 
5 760.20734 777.30646 771.5882 792.77167 
5 0.14400387 756.32166 8.27527 769.1865 
5 127.84949 156.01079 138.6023 167.69083 
