5 509.88513 278.1787 524.10077 292.8083 
5 506.8592 56.498318 523.39514 64.693436 
5 756.4535 471.8148 772.6456 479.88303 
5 546.9112 78.821724 567.44385 87.726524 
5 163.98721 59.00731 181.1231 78.02161 
5 551.694 462.63055 576.6693 472.898 
5 631.5532 243.41658 642.0056 263.27905 
5 391.4521 634.19916 400.09573 650.8406 
5 102.632935 628.1476 111.29436 645.476 
5 193.77888 447.01822 218.84088 456.8544 
5 296.84842 248.38036 315.4345 256.6775 
5 615.3182 355.19055 624.82837 373.54745 
5 390.86755 186.10612 399.6725 201.61104 
5 529.7718 271.68027 546.4418 280.54868 
5 392.13623 138.37732 400.39697 154.30365 
5 417.94113 253.57729 450.7868 265.60757 
5 383.2652 311.4451 393.8599 328.9986 
5 586.51074 80.34409 601.912 87.43598 
5 470.4252 254.6239 488.39493 264.0411 
5 347.0961 271.39713 366.2978 280.33853 
5 210.56418 55.963573 233.92308 65.00393 
5 408.39383 236.50581 418.45673 251.15765 
5 153.3451 446.69827 170.20003 455.20062 
5 614.31573 387.6618 624.7993 407.45212 
5 366.08655 721.9232 376.20828 741.24 
5 644.8754 488.06082 659.7537 497.04767 
5 642.9648 640.242 659.9153 648.8488 
5 306.7574 48.70838 324.79062 56.83634 
5 93.40799 525.2081 110.2409 569.79895 
5 381.50626 356.50595 391.1546 373.84415 
5 345.60757 248.92368 361.79126 256.6438 
5 488.35648 55.904057 504.42438 63.709198 
5 675.96216 287.27423 691.3103 294.7311 
5 50.28437 441.72147 67.570724 449.79202 
5 95.10821 375.90457 104.60991 392.83163 
5 479.6082 276.39886 493.86758 289.44525 
5 122.24404 40.833324 139.15353 49.956356 
5 337.9225 454.22882 354.3964 462.35364 
5 101.77684 661.8552 111.50021 682.9442 
5 391.14667 413.15533 404.78946 428.4322 
5 374.58743 264.71216 394.29214 274.30893 
5 614.59357 450.07852 623.2805 465.05664 
5 642.7878 649.5184 659.86676 658.1975 
5 642.789 631.17114 659.6731 639.6597 
5 140.47202 41.805725 156.82292 50.124916 
5 66.870224 408.17328 82.5229 416.39658 
5 97.270744 238.9892 133.05887 250.79959 
5 280.4459 68.363266 318.90958 81.36166 
5 375.54086 513.6048 384.32724 530.5213 
5 622.9979 477.38614 632.558 495.9079 
5 636.5539 745.24725 656.51904 753.8494 
5 323.81754 249.63289 343.28052 258.03812 
5 569.17596 79.45353 584.8982 87.52017 
5 68.41542 392.76743 81.05463 400.10522 
5 0.07858634 439.61285 14.076747 448.0326 
5 93.615486 341.56134 105.94356 354.1828 
5 79.598175 655.3275 88.310356 669.6114 
5 640.5604 77.249054 650.01355 92.4883 
5 783.8978 468.4197 794.995 482.2334 
5 602.43054 286.7593 618.09393 296.07095 
5 646.7991 374.68164 660.0858 384.56946 
5 449.8174 277.25497 469.29004 290.29382 
5 159.42508 59.554512 175.22263 77.18316 
5 70.73837 422.66785 81.634705 435.97922 
5 641.3158 519.5096 658.7892 527.2194 
5 365.78476 272.45395 381.61432 281.3697 
5 596.0912 734.0356 611.7117 743.3852 
5 1.2802019 127.503784 15.911345 136.3354 
5 608.1316 622.6547 616.8823 634.4994 
5 639.57996 671.57214 657.989 680.8188 
5 250.98091 448.9054 265.19052 456.47073 
5 614.9893 410.8131 623.711 428.76654 
