5 423.25092 210.5863 449.46295 240.58774 
5 620.5183 503.6284 636.3311 510.90842 
5 654.3192 268.1135 664.34894 284.20966 
5 556.51184 503.8668 570.5136 512.2616 
5 693.47485 78.18165 711.4643 88.03682 
5 699.06366 94.54772 718.7236 106.03854 
5 270.73108 730.7498 282.27197 749.4351 
5 691.2579 536.24493 706.0952 544.6797 
5 612.2313 645.8271 631.0905 656.2842 
5 468.6039 272.2009 485.6296 280.43985 
5 606.61633 92.734566 623.1035 107.98881 
5 647.9143 300.66498 656.87933 314.92612 
5 318.147 416.071 330.56833 435.0296 
5 782.57056 560.5838 797.2753 569.1112 
5 434.9583 392.61588 451.6545 401.5337 
5 297.0371 713.99243 314.62863 745.9528 
5 699.4559 270.72308 718.5229 303.6987 
5 677.06055 19.204891 687.83545 37.011406 
5 628.57684 694.89557 646.7364 704.73987 
5 749.4179 552.93506 764.28656 561.8102 
5 773.315 293.9573 790.98267 325.2624 
5 763.6117 376.57922 779.77325 385.317 
5 725.7867 275.33353 743.5216 308.46838 
5 595.69147 46.410725 610.5005 54.699936 
5 451.68018 247.31944 468.01535 255.38635 
5 735.4624 678.6108 755.09796 688.17255 
5 435.49835 343.83 453.6888 351.91956 
5 295.4132 637.33417 306.47183 657.65216 
5 327.07767 538.8685 339.1532 558.2163 
5 588.9747 487.4044 605.06195 495.82098 
5 395.86533 527.165 414.61908 535.9951 
5 746.1247 265.21008 778.8495 281.519 
5 369.32584 614.7893 390.02725 623.61053 
5 572.0319 661.6835 588.45276 670.131 
5 444.31702 319.93692 460.2272 328.85666 
5 475.86752 223.57208 490.6125 231.56094 
5 679.91736 308.70438 689.9625 324.25778 
5 555.84393 649.2801 571.5289 656.76135 
5 570.7578 480.66293 587.3983 488.50858 
5 749.43256 37.15317 759.13245 53.34768 
5 389.2059 458.20465 400.0761 476.6466 
5 421.58994 308.3384 430.92865 325.61487 
5 714.37787 688.9999 729.50995 696.15405 
5 709.7525 226.35915 742.77405 242.54005 
5 320.80783 722.39246 331.65274 739.31647 
5 669.4151 116.66375 679.6047 135.23274 
5 451.47147 256.47418 468.07837 264.80795 
5 347.986 748.98804 365.95584 760.15173 
5 696.3238 710.5085 713.45624 718.96765 
5 612.3368 672.8049 627.2248 680.3375 
5 658.8617 512.0449 676.45435 520.4632 
5 312.38574 666.05414 322.7354 683.1142 
5 455.7509 353.3487 465.9767 369.349 
5 358.09262 655.111 379.41937 664.636 
5 722.2717 84.949814 741.6166 94.60613 
5 722.74567 718.89655 739.3528 727.3533 
5 362.96326 491.02258 377.4632 525.42896 
5 223.3568 668.25 235.21709 684.2668 
5 643.67896 481.06238 659.2242 489.17996 
5 341.54224 710.6668 358.0752 719.4855 
5 596.9081 470.0269 611.742 478.04535 
5 779.41656 686.1825 796.71466 694.8818 
5 383.01337 480.56067 394.049 497.89084 
5 763.40283 710.47894 782.1149 718.7903 
5 653.7152 526.9463 669.2727 535.6783 
5 633.39624 678.6714 650.1167 686.81934 
5 761.5869 238.24324 790.7343 253.40025 
5 626.3726 253.03656 640.9429 282.35837 
5 455.77933 167.4864 468.4531 186.68016 
5 472.377 255.81033 489.8327 263.2947 
5 605.674 495.2552 618.87146 505.79855 
5 476.33496 232.22586 491.48514 240.35187 
5 675.1066 679.9751 690.2271 687.12164 
5 558.2596 630.43915 572.0367 639.8456 
5 575.35565 680.5643 592.2303 688.78534 
5 405.012 496.8921 420.5482 505.03955 
5 676.8125 247.57974 711.2006 262.40366 
5 619.7476 232.22844 653.78937 248.65396 
5 389.5968 386.1746 399.4168 404.7703 
5 409.91968 437.91418 433.38486 447.11618 
5 236.38918 577.3988 247.45872 595.66974 
5 765.735 558.18604 781.61224 567.0763 
5 406.46307 454.56262 437.8274 465.07706 
5 418.55408 415.53885 443.298 426.1094 
5 352.65048 594.5885 364.06616 613.8722 
5 612.73114 690.0726 628.04224 698.53864 
5 611.6035 518.77374 626.2992 527.7601 
5 658.997 51.579716 677.2088 62.8459 
5 301.44684 614.6076 311.8698 634.3876 
5 675.83136 688.77026 691.67883 696.6134 
5 342.2562 646.1015 351.85178 663.0907 
5 714.80225 672.05054 731.7686 679.6185 
5 719.2031 129.95808 727.8446 147.90349 
5 475.5576 240.77716 490.49603 248.17479 
5 423.44052 287.9289 432.0794 302.09473 
5 727.9116 131.06781 736.9637 148.64047 
5 277.62814 713.663 287.75574 729.8061 
5 631.0474 48.527443 647.9776 58.146294 
5 674.97064 266.09607 690.44885 295.0905 
5 262.23962 526.6128 278.0177 559.145 
5 755.96936 68.49866 772.862 79.33621 
5 375.36856 573.4826 410.11084 585.13477 
5 777.17236 704.1172 797.51215 713.1411 
5 664.51715 302.8005 674.58356 320.50317 
5 345.4986 695.71545 363.2467 704.5892 
5 738.37585 720.9733 757.6266 730.86676 
5 629.4628 522.2699 642.5389 529.7847 
5 782.593 733.5388 791.4298 745.283 
5 336.58435 627.8832 346.294 643.31213 
5 336.18454 340.74857 351.05658 370.45172 
5 622.0004 293.21286 631.1757 307.706 
5 298.2072 223.87717 315.85147 233.02084 
5 701.70776 517.7929 716.1212 529.3232 
5 327.97382 705.24 337.40417 719.6871 
