5 167.77222 644.56165 176.48302 659.54144 
5 671.2641 341.79605 680.2545 358.44095 
5 339.73886 208.74509 355.84268 217.16286 
5 326.99826 36.722187 335.38397 52.10834 
5 338.23114 664.51135 354.28934 673.1342 
5 704.0346 622.0824 713.16064 638.88574 
5 152.24342 588.6807 160.30061 603.47424 
5 575.0576 300.269 583.24194 315.7807 
5 144.16438 179.20929 152.16154 194.84163 
5 308.14578 625.5376 324.0661 633.4141 
5 307.74857 512.47217 324.2348 520.6754 
5 343.17758 544.6739 359.45258 552.319 
5 307.7915 503.90308 324.7292 511.69373 
5 326.1851 232.15001 335.03305 248.45692 
5 298.37604 191.47464 312.94702 199.57613 
5 127.27467 14.736189 142.32889 26.255112 
5 185.00853 160.7271 201.67819 169.3776 
5 335.34 23.804825 351.44983 32.1482 
5 293.99042 297.1442 310.5473 304.42853 
5 294.16248 328.12277 312.50027 337.39813 
