5 399.6532 321.4314 408.30936 337.6398 
5 622.0934 572.8428 634.3982 586.79517 
5 363.56277 95.42395 378.67218 103.6184 
5 400.46097 108.35012 408.07227 122.12078 
5 350.09244 784.872 364.7212 791.9297 
5 384.58432 348.36108 392.32797 363.30408 
5 366.6819 145.22905 380.04385 152.69246 
5 397.77994 747.3314 406.61523 762.5943 
5 400.65466 254.14464 407.67438 268.78217 
5 382.09338 212.22002 390.99124 226.05266 
5 649.1061 711.70966 665.91766 720.7179 
5 382.34708 190.33603 391.1689 207.04813 
5 649.321 688.9243 666.73 697.75684 
5 333.04874 78.57016 348.9069 86.525604 
5 381.85593 150.19246 391.2537 162.42703 
5 649.8743 703.08746 665.7135 711.4503 
5 381.29843 314.17502 391.05374 331.28445 
5 637.9392 195.91936 650.0743 209.04533 
5 637.8323 577.9682 649.80945 591.80255 
