5 158.2865 436.9578 170.46428 452.825 
5 348.36978 767.10846 364.8177 779.4057 
5 44.480247 469.2036 57.860302 482.40942 
5 44.90288 519.8405 61.2446 527.54956 
5 651.4197 423.40485 674.2372 434.29846 
5 196.82404 512.16425 211.6147 520.216 
5 267.14243 8.685633 285.34842 17.889824 
5 23.651634 554.6629 32.98038 569.00836 
5 753.2814 511.15228 770.314 522.2552 
5 25.399025 520.3702 42.60035 529.0991 
5 22.182043 406.48865 38.148804 416.4784 
5 61.29044 419.85297 73.31865 434.9074 
5 23.915798 420.6635 33.603516 435.2829 
5 42.150974 325.78946 58.178864 336.771 
5 96.61918 421.77216 104.98953 435.72922 
5 189.47546 436.64224 200.49182 450.0113 
5 136.13293 420.98395 144.96803 434.42407 
5 595.54205 505.43533 612.4696 513.5317 
5 36.39492 359.44302 51.749645 367.79822 
5 566.10046 40.47096 585.7036 48.652428 
5 23.899708 438.31113 35.593384 450.15637 
5 206.9551 468.5966 217.07103 480.90808 
5 59.574917 333.12506 74.72611 343.3672 
5 4.336866 406.6893 18.44706 415.53238 
5 250.31853 406.17548 264.89813 416.06512 
5 60.402187 470.6685 72.93727 483.34302 
5 60.05906 350.31873 74.310005 359.02783 
5 165.82692 421.68277 178.02478 436.33182 
5 214.9915 511.5729 231.34082 519.77203 
5 329.83716 30.650373 348.09894 39.952156 
5 75.670456 406.00177 89.33885 415.32272 
5 5.6801558 469.8016 15.977966 481.82535 
5 162.57845 374.24152 176.78201 383.5266 
5 6.3002505 438.63965 16.979362 451.8555 
5 126.06201 420.79468 135.18307 434.59113 
5 25.594318 318.58307 40.416172 329.19247 
5 18.916834 366.96652 34.865456 374.65494 
5 127.79695 469.36142 135.43336 480.6545 
5 114.5147 30.75505 163.5545 45.144466 
5 235.76572 400.0858 249.73491 409.48453 
5 117.01607 436.75766 127.67067 448.54547 
5 87.02181 436.69046 96.79674 449.09833 
5 155.47813 468.53284 167.80817 481.51685 
5 615.06134 502.77777 631.3012 511.2414 
5 60.0653 397.08905 72.56973 413.21924 
5 235.45813 510.43893 250.61752 518.39886 
5 56.71582 438.1948 67.353264 451.08688 
5 175.72412 468.1823 186.48141 480.6591 
5 31.78407 421.0483 41.62655 435.5296 
5 111.48703 421.99774 120.39008 436.2771 
5 44.724045 436.38535 55.774155 449.4513 
5 670.9136 495.01254 685.1412 502.76437 
5 562.11206 462.1278 614.59094 476.10587 
5 42.253323 420.17917 54.798344 435.232 
5 248.43086 467.27997 257.4017 480.12314 
5 326.80298 469.0547 334.87878 482.81836 
5 4.080802 309.53882 20.080988 321.1105 
5 97.05156 437.08243 106.22603 449.62756 
5 277.7214 466.77228 287.2803 480.9124 
5 13.678374 422.0326 23.230686 436.91165 
5 179.29803 421.5515 197.09023 433.82907 
5 93.66701 399.01065 105.99106 413.45154 
5 86.5001 420.91074 94.983284 435.34348 
5 88.62193 468.73816 100.080284 481.2631 
5 93.475426 486.2859 108.392746 494.2432 
5 105.234505 421.79248 114.02118 436.1313 
5 725.44794 776.05554 737.75525 783.2953 
5 127.05181 359.83423 139.99791 369.12506 
5 179.28333 513.951 194.51317 521.38824 
5 318.69196 468.98013 328.38287 483.3247 
5 43.267315 344.22775 59.172462 354.67084 
5 745.0028 472.56192 760.1405 482.47748 
5 16.052198 468.93365 26.748941 481.24557 
5 91.78882 347.22827 108.54387 358.54132 
5 19.175217 332.9025 36.33247 342.27975 
5 84.50857 23.083025 105.63863 31.829834 
5 143.02963 367.3102 158.50015 375.8635 
5 723.8089 785.5429 737.1171 792.7284 
