5 260.75864 431.48752 292.14804 459.09982 
5 421.39566 381.75308 443.38156 406.48264 
5 404.40463 361.8916 422.6837 375.4715 
5 15.054131 639.90265 47.887283 676.0229 
5 422.70157 385.22766 457.8807 409.40204 
5 420.38446 379.24426 439.96875 396.19672 
5 396.8322 343.34305 417.87146 364.501 
5 198.02438 351.40576 220.91415 382.91333 
6 340.1869 723.0827 360.6294 779.16095 
6 359.42752 475.6665 370.17545 502.1949 
6 373.76227 679.4479 397.19897 729.21423 
6 305.41824 477.7222 317.5826 508.11734 
6 387.33447 608.6066 403.14844 633.1558 
6 335.77783 485.57452 347.73157 512.7224 
6 325.97812 384.6764 337.60605 408.28827 
6 343.38684 426.4811 356.06213 452.79752 
6 56.024704 724.07025 80.32271 773.2712 
6 513.19305 515.20636 529.0904 548.02057 
6 335.0346 400.00574 347.49365 427.7215 
6 479.8306 467.42096 490.7424 494.22406 
6 295.22705 405.23962 308.77734 425.56482 
6 26.06737 720.7899 53.755898 776.55994 
6 343.38416 724.8425 358.40582 759.60876 
6 64.549225 722.56335 78.80199 760.6388 
6 52.51705 731.01056 73.54571 785.01117 
6 319.99118 410.2941 331.90726 433.7496 
6 340.8626 422.21646 351.6129 447.05496 
6 313.3196 421.55847 326.97067 444.8051 
6 384.51334 602.80566 404.58664 667.4343 
6 348.4358 429.09512 358.66016 456.80875 
6 40.149353 723.93427 83.75895 781.29095 
6 31.511578 719.61725 48.610043 740.3278 
6 337.30847 727.2841 355.55774 766.9838 
6 303.45004 421.23843 315.5632 447.32242 
6 368.44907 685.68713 384.09207 729.0753 
6 26.600546 720.3242 41.94164 760.95825 
6 318.35968 415.94308 328.70337 443.97562 
6 333.10522 498.6469 346.9218 527.43427 
6 52.3285 728.28754 71.59762 760.99347 
6 312.18152 424.97263 324.5492 453.69925 
6 374.12534 682.2505 392.16714 714.5576 
6 340.88544 745.78235 358.3089 777.9962 
6 368.94876 487.50546 379.88998 512.32477 
6 299.71762 406.50885 311.10605 436.4751 
