3 139.27777 189.24272 149.27939 215.9387 
3 113.689026 188.84105 124.22287 216.52937 
3 241.41487 58.864304 252.65218 92.88733 
3 404.11475 218.40422 413.83154 247.50893 
3 79.50347 62.624645 92.00007 95.46623 
3 151.40279 189.13922 161.68388 217.04694 
3 161.86641 61.132065 174.041 94.014786 
3 227.81229 60.811142 239.30649 94.023605 
3 451.37607 181.80704 461.85983 209.8754 
3 342.9806 218.70229 356.0058 250.57124 
3 214.5203 60.2287 226.99292 92.29137 
3 535.1096 217.08861 546.8805 244.99648 
3 415.24216 53.787563 427.48068 86.28081 
3 247.21802 186.67038 257.0196 216.20956 
3 80.50752 338.38214 92.05415 364.53046 
3 118.57081 65.3926 131.25705 94.670586 
3 163.52824 187.05287 173.74767 215.69258 
3 346.55872 333.5759 357.36914 359.9755 
3 496.319 54.851536 507.77512 86.388405 
3 455.13522 49.269848 467.74448 87.105225 
3 52.43071 65.46783 64.962814 94.15536 
3 562.8021 54.244423 575.449 84.01379 
3 255.67337 60.007828 267.19522 93.146286 
3 567.86414 397.82477 577.84985 423.34735 
3 321.14023 98.09124 332.4346 130.92252 
3 307.50702 60.728912 319.42993 92.198685 
3 308.23087 300.9591 318.70157 328.3056 
3 322.247 334.02344 332.72162 360.0498 
3 142.41902 336.8389 152.94081 363.65817 
3 197.61131 186.2184 207.18745 215.2978 
3 576.15814 50.508987 590.04193 83.26552 
3 489.4844 293.8207 499.8115 322.07315 
3 457.9323 94.71736 468.3177 123.65271 
3 270.37015 221.20348 280.00278 249.50783 
3 517.87616 524.5486 529.2559 549.5464 
3 210.40837 186.91635 219.16875 216.5029 
3 296.77362 298.37872 306.70087 326.92767 
3 522.6399 57.32602 534.1958 85.48158 
3 511.91205 182.24394 522.10175 209.89919 
3 334.2352 300.72205 345.0604 326.9485 
3 438.52277 217.07271 449.67786 243.33568 
3 595.74 496.4777 608.09436 540.78705 
3 120.52618 103.83088 132.1787 135.45667 
3 523.8245 217.24437 533.5678 244.45589 
3 282.9677 99.704025 293.26935 132.35129 
3 570.753 179.65736 582.30414 210.33907 
3 149.37938 103.18306 159.51457 137.35074 
3 78.604385 192.94365 88.922134 216.20125 
3 343.2785 184.99289 355.33942 212.67334 
3 367.59482 220.1811 378.37863 249.1483 
3 524.24426 182.59705 534.72754 211.28772 
3 38.73544 105.60573 49.345333 133.0287 
3 282.0532 225.16322 291.98685 248.415 
3 93.15432 336.4536 103.01321 360.6407 
3 67.33144 411.09177 77.11115 434.79892 
3 347.3521 55.2677 360.9843 89.12552 
3 581.5225 491.4209 591.9572 517.1292 
3 112.87088 533.5393 123.32826 559.3939 
3 548.5813 294.6283 559.22107 319.92474 
3 228.35423 101.60581 239.40309 130.74673 
3 429.07486 297.18365 438.92862 324.5476 
3 294.7676 62.59404 306.18173 91.58168 
3 236.32324 531.28864 246.87473 555.2303 
3 233.92291 403.1626 243.85562 430.3532 
3 63.93648 190.79489 74.5652 219.07736 
3 462.45065 182.71725 471.70456 208.798 
3 539.55316 524.5418 549.7027 548.878 
3 547.9987 216.54012 557.1678 244.25423 
3 362.0753 55.745174 374.56937 89.38925 
3 401.8772 56.972492 412.63385 87.652405 
3 451.62134 218.34703 462.7738 248.25035 
3 499.84738 217.47008 510.74557 246.11916 
3 81.19784 104.448204 92.28983 132.0058 
3 105.37542 338.41913 115.17506 364.50903 
3 237.51443 334.32565 246.736 360.62674 
3 377.00525 58.73134 387.1194 89.18622 
3 205.26155 533.26935 215.95189 558.1297 
3 548.8818 491.20544 558.884 517.041 
3 283.1654 185.50555 292.33588 215.3088 
3 235.49908 222.1364 245.13968 250.82014 
3 357.8928 300.4934 368.2061 324.7641 
3 390.89325 183.42789 399.823 212.491 
3 101.36787 190.02248 111.44965 216.07512 
3 262.07224 335.65863 272.32565 359.17578 
3 429.6602 58.49393 440.54807 85.390854 
3 92.77385 64.05447 103.19026 94.540535 
3 163.27072 101.30003 174.09113 133.175 
3 319.04663 183.33745 329.23645 212.25548 
3 379.36017 185.70491 388.55414 212.30617 
3 273.25003 300.0898 283.1088 327.9366 
3 403.1596 98.814804 415.36566 128.78833 
3 163.86798 225.66287 174.06876 253.65378 
3 189.38055 305.87344 200.13382 328.5831 
3 297.50586 333.4969 308.32318 360.2827 
3 106.41143 104.774055 119.16941 133.78525 
3 146.31598 60.501488 159.98126 95.585655 
3 141.56247 708.1099 152.12836 730.0771 
3 470.09027 56.166466 479.7635 85.92594 
3 115.8004 304.13394 125.40958 330.9396 
3 595.67664 189.9014 611.60596 233.2958 
3 437.77142 180.57033 448.07013 210.79628 
3 377.4874 97.27863 387.8032 128.00652 
3 256.94553 436.11584 265.95645 459.62 
3 349.91254 98.89142 359.79913 125.63344 
3 202.66399 100.65053 213.20903 132.34207 
3 102.45409 226.11584 113.53523 253.30203 
3 558.24115 215.57669 568.12555 245.28055 
3 269.04193 100.05104 278.72272 132.30418 
3 57.89971 440.88052 68.38324 463.2496 
3 258.4508 185.2392 266.69922 215.91595 
3 224.13084 185.85974 232.97514 214.69708 
3 127.23174 190.80798 136.54922 216.91223 
3 114.60045 226.13254 125.92978 254.89105 
3 483.532 56.354618 493.78897 86.05836 
3 104.79849 305.2867 113.75374 331.93222 
3 151.02696 225.63719 160.31749 252.58748 
3 271.14435 186.14394 278.72046 213.31471 
3 443.99783 399.1925 454.04172 425.70068 
3 536.86774 293.6886 547.0986 321.412 
3 391.44632 98.186676 401.25357 126.13852 
3 306.7734 187.55289 316.6959 213.1651 
3 562.073 294.24637 571.2014 319.7432 
3 90.36289 226.1456 100.26707 252.9784 
3 336.24918 590.596 345.5222 613.7059 
3 134.93805 62.06935 145.46616 91.754135 
3 193.02199 436.34525 203.7549 462.24734 
3 66.42668 103.86625 75.5594 134.2153 
3 488.382 183.6961 497.89664 209.98251 
3 335.73108 58.433853 345.73822 88.375336 
3 69.25648 532.98444 79.02642 555.9831 
3 213.90146 301.48358 222.43301 327.81158 
3 388.3981 58.57424 399.29373 88.055046 
3 415.32712 496.55725 424.64627 519.3471 
3 512.43 216.0262 521.2541 245.41771 
3 330.83286 220.73332 340.0037 248.10551 
3 415.56735 218.64798 423.1403 245.12744 
3 528.7883 493.85333 537.2267 516.9538 
3 178.39005 336.649 187.4697 359.9389 
3 213.35362 408.30112 222.93535 430.1039 
3 295.6058 98.80106 304.91068 128.48436 
3 454.88885 400.51877 464.76862 424.08322 
3 46.063347 339.89926 55.884453 365.30832 
3 393.3256 298.2733 402.7084 324.20822 
3 300.4647 528.4487 310.8359 552.68713 
3 445.9095 494.01294 456.46155 519.7166 
3 334.2767 333.52798 343.93375 359.89566 
3 322.3969 57.064316 331.62927 89.61948 
3 242.74075 98.949234 252.79916 130.85645 
3 417.14493 96.85569 428.59402 130.97804 
3 357.89813 703.76825 367.7851 726.46173 
3 261.86514 301.55096 272.14755 327.27844 
3 106.68964 64.71259 116.224655 93.72146 
3 193.506 407.5014 202.61931 430.82416 
3 224.3826 221.10011 233.05905 250.03093 
3 443.2597 95.75122 454.20856 125.57202 
3 39.191475 57.7284 48.389862 95.011696 
3 359.74704 434.2278 372.11288 459.67276 
3 417.49258 702.53345 428.4669 723.45544 
3 149.8071 407.03943 160.39844 431.30975 
3 123.21636 503.08536 132.05614 527.7907 
3 274.04407 331.04373 284.85504 358.8323 
3 316.72797 404.7741 325.6377 427.9002 
3 335.81622 97.02625 345.08386 128.49396 
3 80.98192 625.41113 91.6667 645.59924 
3 416.3231 183.59674 425.70786 211.87405 
3 142.32576 226.4246 149.75154 253.27626 
3 382.25076 298.2745 391.44052 324.26187 
3 477.14407 295.5805 486.3998 320.21912 
3 467.74902 431.03076 477.0974 453.70142 
3 363.65173 101.0043 374.22412 128.83789 
3 154.84807 303.203 163.72386 329.4693 
3 140.9182 438.38443 149.99065 461.96268 
3 501.81464 330.32178 511.58905 356.58972 
3 186.0875 187.6321 195.11295 214.31648 
3 484.32684 95.098694 495.47583 124.72197 
3 470.11044 93.984085 480.8477 124.74431 
3 502.1713 295.01096 511.58664 320.72507 
3 256.7274 406.99893 265.00125 430.9603 
3 584.6661 293.5057 595.21234 320.01443 
3 525.87244 398.4456 536.3375 422.4608 
3 132.16867 438.50565 141.51877 462.5272 
3 121.32284 438.72552 130.99841 461.76978 
3 487.6069 398.89536 496.60428 423.7623 
3 217.60895 103.86581 226.64786 128.91849 
3 491.2926 218.55788 501.50122 245.44106 
3 476.2044 398.59726 484.94165 422.24612 
3 366.5963 184.55626 376.1026 211.8979 
3 293.9254 184.48576 302.48083 213.19261 
3 143.18126 532.1532 152.8383 554.8168 
3 63.436783 684.9585 72.38942 702.6721 
3 91.835365 309.30356 101.97521 332.99094 
3 500.15253 181.25998 509.0504 210.46207 
3 66.03908 532.16144 75.883865 555.9543 
3 215.01027 438.07727 224.43513 461.46057 
3 429.4667 331.79935 437.86423 357.3962 
3 202.3107 58.614304 212.07584 89.3409 
3 256.39777 99.55579 265.15955 128.8855 
3 111.28707 682.66394 121.560036 701.65063 
3 306.856 220.65639 316.04996 249.04747 
3 62.087082 439.82178 72.15762 463.3897 
3 382.25613 497.81506 391.79752 519.50885 
3 23.21066 106.26524 35.895206 139.95215 
3 570.11096 519.93164 579.59985 547.43604 
3 246.99986 530.6285 256.22357 555.111 
3 129.74629 303.38943 140.75139 330.14804 
3 70.33656 338.93286 79.71083 361.03912 
3 100.86016 437.69247 109.71209 462.13846 
3 558.76294 179.77003 568.71924 208.01854 
3 91.149475 439.21622 99.55138 461.31937 
3 269.50403 56.611897 278.58673 87.98947 
3 514.6264 295.92484 522.955 320.17905 
3 269.45004 434.4263 277.9047 459.91122 
3 60.58287 507.60297 68.43019 528.6064 
3 484.37775 398.22208 493.48242 423.5494 
3 324.01474 301.10114 333.54398 325.4875 
3 268.52753 530.6915 278.1911 555.3965 
3 435.32434 496.25214 444.51605 519.1426 
3 405.21024 297.93515 414.6871 324.87076 
3 357.68533 591.2957 367.51718 613.22284 
3 297.2997 219.16646 306.6951 248.17464 
3 431.31198 95.716515 440.8074 124.473656 
3 441.84274 56.44345 452.07498 85.89719 
3 474.13992 430.96072 483.35562 454.89713 
3 281.80548 61.876553 291.99512 92.885445 
3 274.69595 221.78595 282.47488 250.59427 
3 545.9059 215.85902 553.6897 244.28957 
3 111.64577 408.45688 119.76654 431.96024 
3 528.12213 294.98575 537.0417 319.53958 
3 350.1878 400.73224 358.74683 425.49255 
3 595.1659 494.0406 604.7538 522.247 
3 251.97186 334.56207 260.59497 361.65692 
3 204.24797 407.42593 212.97081 431.07657 
3 184.15942 406.05423 192.50623 430.85532 
