5 230.0427 130.52583 266.20816 146.37697 
5 245.25308 617.2891 288.79526 635.8411 
5 214.87636 660.2637 239.03609 673.15576 
5 229.68631 556.0124 251.7876 565.58234 
5 329.32098 531.915 348.708 541.55206 
5 352.88248 640.0263 365.45755 660.65985 
5 625.5219 624.28357 637.0577 642.26733 
5 15.497565 570.0801 33.206757 580.18506 
5 4.8548546 555.30695 22.366621 565.6419 
5 268.92722 585.4294 280.9332 608.07025 
5 349.36163 432.16718 359.37622 449.31415 
5 353.79947 454.0758 365.7454 469.84363 
5 218.55331 669.1695 237.0286 681.2979 
5 202.97282 559.9533 221.01778 570.7585 
5 632.35675 521.7488 651.8388 532.12415 
