2 442.22644 19.143686 463.31268 40.901924 
5 726.26654 387.43347 742.0256 404.16437 
5 330.2367 440.3002 347.38934 454.55948 
5 284.62698 772.79205 303.75613 785.6779 
5 350.50363 706.41327 367.95853 725.04596 
5 579.73596 596.6256 594.2195 611.1897 
5 138.16 491.16132 157.9574 502.1692 
5 572.15576 699.49554 590.5531 712.20087 
5 337.9043 663.65717 352.83063 677.6163 
5 319.90854 389.36017 337.46915 401.865 
5 123.399155 350.4847 133.82594 368.8785 
5 531.6966 51.926693 546.4505 67.95055 
5 630.0463 434.174 646.82733 446.42163 
5 362.1534 737.3634 379.1055 749.478 
5 689.4547 352.89264 705.6406 366.45947 
5 421.2473 628.7577 432.72662 645.1384 
5 150.66403 511.41144 162.11038 531.514 
5 559.6193 773.5404 573.69635 787.82056 
5 654.581 493.6151 667.7685 509.03192 
5 309.1888 762.095 326.32224 774.2074 
5 466.43875 393.61868 481.16074 406.89847 
5 588.35443 725.01935 603.80963 740.5505 
5 187.8892 80.82181 199.79607 98.97342 
5 334.4424 750.73737 350.64944 763.12164 
5 550.0389 558.10443 566.1857 570.88947 
5 356.16504 317.53918 367.00238 335.47943 
5 180.88669 569.7723 192.23889 587.46075 
5 24.7584 158.56497 36.43056 175.43259 
5 543.5197 567.9321 560.1142 582.12524 
5 543.28284 779.0345 555.6466 794.6431 
5 132.6006 482.90198 150.88634 492.9801 
5 712.87634 783.2169 726.90857 797.80164 
5 129.06013 465.66977 148.10875 476.09915 
5 126.15751 444.46906 144.64084 456.17828 
5 655.7616 274.2208 671.78613 287.39505 
5 146.0398 90.50831 157.9418 107.176186 
5 639.96204 107.93983 652.58716 123.183235 
5 602.19507 690.5026 620.431 701.4727 
5 522.45807 68.36146 535.03253 83.86878 
5 198.09694 78.96822 212.33382 94.93256 
5 529.7443 270.39062 543.7487 284.72217 
5 123.83308 417.43228 133.92583 436.25485 
5 456.59763 409.09467 469.4741 423.95642 
5 422.2755 135.61157 440.70813 145.95486 
5 314.5944 359.47226 331.08646 371.4 
5 697.5736 788.1959 711.1516 800.0 
5 527.79144 749.2016 545.3295 761.4174 
5 112.964325 418.25797 123.64374 437.2477 
5 45.242233 433.28726 56.69558 450.21548 
5 411.98972 516.08527 422.70566 533.7393 
5 255.32161 787.2602 270.7644 799.10223 
5 125.21903 93.070694 135.85582 111.227875 
5 48.963356 166.45985 66.51927 177.89409 
5 37.79866 234.30508 55.89669 245.10251 
5 34.475616 435.17975 46.21647 452.39685 
5 318.259 379.6446 333.5895 392.21667 
5 416.84357 547.27905 428.20276 564.40576 
5 127.16731 378.92276 140.74666 394.40085 
5 584.739 706.02094 600.7816 717.62213 
5 664.5506 338.3543 677.82294 355.38275 
5 72.17381 392.96567 82.53177 411.54153 
5 312.19125 349.66083 326.53983 363.9331 
5 335.42917 338.2626 346.72165 355.4279 
5 422.8013 30.064838 434.6082 45.84135 
5 2.565158 410.6256 13.325979 427.1394 
5 202.59296 77.17799 217.36194 92.894196 
5 93.07271 390.43286 103.85237 408.2022 
5 564.7709 578.7671 578.2014 593.69836 
5 361.65182 565.37714 372.73697 582.51117 
5 730.3504 293.9871 745.2321 307.70078 
5 118.909424 267.0383 131.21317 283.6287 
5 698.92535 338.78476 716.55975 349.45645 
5 596.04297 487.9252 614.3817 498.48605 
5 319.10706 661.01587 331.61188 678.1113 
5 96.48528 424.4795 107.49207 441.26276 
5 114.51174 95.72103 124.83753 112.33585 
5 694.57904 346.29028 709.95233 359.26868 
5 134.08597 415.9365 146.19171 432.3638 
5 35.756126 184.81406 47.863808 201.3154 
5 313.4499 662.54333 324.69458 680.1306 
5 621.53143 691.4452 639.1015 701.88464 
5 366.3729 621.2704 377.84293 638.71545 
5 297.37933 234.63597 308.28583 252.84157 
5 294.84723 214.74055 306.4084 232.1173 
5 3.3031564 525.1926 14.840878 543.631 
5 55.759254 433.12418 66.60975 450.82516 
5 62.769978 393.10043 73.50677 411.96054 
5 589.4901 753.09357 603.4281 767.25385 
5 313.47528 354.9889 329.16248 368.82758 
5 613.80133 720.5851 627.3111 736.5935 
5 15.174255 513.38477 35.774208 525.61487 
5 410.01807 575.5193 421.31818 592.97534 
5 690.47003 346.81985 707.33466 363.6204 
5 105.06717 387.78485 115.54242 405.20416 
5 701.1979 281.17264 715.1626 295.9509 
5 212.27245 768.57587 223.59639 785.51166 
5 119.83409 382.43442 131.4517 402.2194 
5 55.223335 398.9417 66.113884 415.7392 
