2 698.1812 296.46005 720.8133 318.95596 
5 290.89362 661.89044 309.43402 708.67914 
5 361.38568 41.688465 373.44592 62.94351 
5 104.266525 778.23987 121.37669 791.8014 
5 759.05475 139.00217 769.8515 158.44812 
5 8.388937 530.432 30.319715 541.374 
5 774.65466 70.32296 787.229 93.47677 
5 723.1131 371.48517 746.8007 383.47083 
5 456.1391 677.66125 476.12073 690.9485 
5 191.11032 107.11656 210.81766 117.410355 
5 612.69836 31.076345 631.88403 40.894684 
5 372.76276 445.8654 386.89667 459.30582 
5 624.64264 434.56686 639.5339 451.22012 
5 788.8125 149.23503 798.98096 165.8167 
5 766.09625 264.6961 777.2067 285.71692 
5 390.65976 164.88882 401.58975 182.31631 
5 467.2758 708.2282 482.89236 723.06415 
5 3.8255363 117.78903 14.596045 136.4434 
5 710.5145 370.941 731.37366 385.23007 
5 604.4871 434.14105 618.67365 449.8592 
5 307.78442 99.1422 327.50598 109.81328 
5 657.09686 428.11334 667.36163 446.10052 
5 743.38635 27.767487 754.1333 45.155655 
5 225.78801 484.2018 244.53651 494.49753 
5 489.31293 456.77222 501.15552 474.21063 
5 302.10464 443.7716 314.2006 460.404 
5 320.46167 283.86566 337.75897 294.2091 
5 748.9082 781.9507 765.04126 794.8954 
5 345.08884 26.861767 355.9752 43.46034 
5 519.4997 421.48465 537.6884 431.3386 
5 370.45367 173.28096 385.1499 187.10603 
5 137.18036 470.75766 150.70221 488.4636 
5 43.958054 540.32825 54.561615 557.33704 
5 633.6251 493.42444 646.8098 523.194 
5 332.41495 79.15304 350.75455 89.511604 
5 109.60353 708.81024 120.464905 726.92694 
5 559.84186 58.43637 578.83136 68.40385 
5 508.91852 739.2315 520.7608 756.02167 
5 53.172073 329.6257 65.051704 347.71848 
5 195.02748 500.7482 213.27733 511.43076 
5 31.053373 331.8449 45.855278 347.8758 
5 403.35687 353.98547 415.52283 370.42206 
5 28.531712 188.58144 39.106182 205.70421 
5 49.683174 369.96442 61.06288 386.46808 
5 735.89233 101.19126 746.6478 119.10169 
5 370.4756 1.500226 381.27283 17.555481 
5 430.0638 88.34953 447.9122 98.862976 
5 229.19133 501.9976 240.89262 518.3144 
5 594.50586 438.29416 608.41785 454.7654 
5 2.0840807 742.38696 21.862011 751.47876 
5 461.40936 694.34467 479.29694 707.90375 
5 417.6119 255.54874 428.262 273.53555 
5 565.2493 444.1421 575.83905 462.66998 
5 456.81708 551.52924 468.02313 567.93463 
5 375.92593 44.482376 387.17838 61.72532 
5 37.378296 247.80127 50.576942 263.3682 
5 315.03 488.7947 325.83713 504.92075 
5 60.315384 357.0166 71.32678 375.12213 
5 346.91962 437.19623 361.636 450.96735 
5 704.0341 421.8018 715.37714 438.60495 
5 636.6696 432.0263 649.9373 448.25293 
5 610.19995 771.78705 626.3408 784.0273 
5 362.8784 478.59268 375.84506 494.27902 
5 20.93443 289.84094 31.392181 306.34448 
5 364.66504 140.88583 375.3761 158.16171 
5 442.81662 541.1413 453.84677 557.64716 
5 435.06873 420.3375 445.9107 438.46298 
5 594.967 390.5758 606.0529 406.66797 
5 145.21834 467.2284 157.7584 484.64868 
5 580.47546 393.8135 591.70715 411.5165 
5 736.6063 751.6639 748.0172 769.0455 
5 563.82117 39.890015 582.31946 50.230736 
5 257.39667 464.89865 274.75903 474.9354 
5 372.81027 239.99084 390.17606 250.53009 
5 342.45163 5.6981506 353.10782 23.619717 
5 168.60101 511.83463 181.5357 531.2673 
5 441.2249 371.7735 452.5816 389.72986 
5 256.14697 448.34818 269.35114 465.1495 
5 127.687164 473.52386 138.85071 492.40198 
5 770.0779 287.17123 781.7593 302.9398 
5 142.88249 140.47966 161.64989 151.35088 
5 587.90076 441.3058 598.14734 456.4593 
5 102.30307 785.0512 121.423874 799.52277 
5 409.05258 367.79156 424.47116 380.9005 
5 689.6427 377.36084 706.73267 389.0335 
5 41.111115 393.18506 52.696167 412.03302 
5 51.50527 447.0753 61.950268 464.1655 
5 645.7037 431.31433 657.26324 447.78992 
5 488.65167 773.2021 499.8877 790.13544 
5 680.0031 425.93164 696.86554 438.78888 
5 611.0573 385.7817 622.94293 400.9695 
5 50.613235 303.63437 62.197716 319.991 
5 29.524511 209.439 42.401337 225.39746 
5 326.63834 437.39377 339.78543 452.41348 
5 446.4766 402.43665 458.44083 419.6676 
5 26.87468 518.1464 45.939377 528.70087 
5 402.51285 329.64417 413.8087 346.0697 
5 499.5557 702.4038 511.89816 719.17615 
5 305.3297 85.43094 320.09192 97.621216 
5 447.67288 573.87463 459.96835 589.7081 
5 285.46298 443.75455 297.0129 460.57925 
5 618.637 379.55786 631.0285 393.9477 
5 66.41479 479.5423 77.23504 497.03015 
5 484.819 596.73676 496.275 615.9328 
5 66.13088 395.49298 78.6524 412.31726 
5 713.385 369.329 739.6642 382.16306 
5 275.19702 444.64792 287.05927 461.78433 
5 570.2918 394.11646 581.512 412.39734 
5 32.68519 541.6574 43.677658 560.87006 
5 577.8126 444.81638 590.52954 461.20804 
5 238.44038 121.12402 253.9452 134.7696 
5 415.4709 392.14633 428.826 407.9092 
5 478.80554 581.3043 490.1864 598.39954 
5 307.36444 111.00521 323.43073 122.52097 
5 449.10355 590.68225 460.9833 607.9724 
5 37.588333 373.63907 48.938576 391.681 
5 545.92914 397.81558 556.7983 415.0458 
