5 380.53943 473.30927 403.13666 486.84528 
5 781.66986 294.52737 799.11847 306.87186 
5 161.70917 376.196 178.36722 404.67722 
5 625.2431 572.9087 643.1429 585.24194 
5 0.08197594 281.9119 8.474794 296.77475 
5 24.323357 253.37645 42.540398 263.8183 
5 522.9399 123.56972 533.70905 141.73082 
5 651.01776 343.4678 661.8807 360.84286 
5 546.9668 127.4393 558.0541 149.21732 
5 395.7615 375.82037 414.75742 386.7522 
5 89.34687 788.7558 105.29275 799.0787 
5 640.57513 673.0329 653.2596 690.34235 
5 555.2743 359.80884 566.4551 376.91382 
5 505.16245 505.41534 517.877 526.3299 
5 169.48877 331.44772 180.72049 349.7294 
5 27.53938 415.8824 46.19891 426.74457 
5 569.15063 533.8594 611.6907 553.94727 
5 528.26154 384.84708 542.05914 399.29764 
5 684.49896 329.6808 702.56415 340.39105 
5 138.19165 587.121 155.3421 598.0436 
5 345.71768 359.73682 363.21494 371.60553 
5 141.26186 322.8479 152.26164 339.688 
5 128.24603 109.51636 140.22858 127.219955 
5 544.2241 252.86966 554.85095 270.52872 
5 263.95114 27.922495 278.90677 40.020176 
5 524.6882 395.64212 540.2485 408.65323 
5 742.9213 58.82006 753.47284 75.725395 
5 64.34332 246.24803 80.343216 257.6212 
5 645.2422 317.8415 663.1698 328.26428 
5 670.7117 339.44797 682.4796 354.8555 
5 130.38344 255.08977 141.46495 271.82712 
5 93.67765 404.36203 112.10084 415.08493 
5 505.49167 186.06859 515.9016 202.86314 
5 32.99809 619.56 49.698025 630.956 
5 342.33463 720.0548 359.4017 731.4287 
5 508.98474 50.540024 520.4768 67.480675 
5 718.6669 332.8342 730.32275 348.80777 
5 499.57504 152.70135 510.91653 168.8252 
5 612.6937 600.49023 624.754 617.49365 
5 238.37202 402.84805 254.71614 414.2971 
5 9.285016 271.09467 26.876766 281.8778 
5 457.7229 366.66977 474.66675 377.40756 
5 118.24438 193.34372 130.0993 209.125 
5 599.84564 586.823 610.4089 603.68286 
5 147.4083 210.30157 158.68619 226.60254 
5 27.823217 608.03015 44.94359 618.82104 
5 636.22144 347.7986 647.92957 364.0964 
5 150.24457 230.79977 161.03073 247.93652 
5 111.63113 24.303226 122.80756 41.573383 
5 37.204987 65.89157 53.83149 77.19156 
5 123.796234 224.24042 135.15692 239.56631 
5 624.86646 592.99023 642.5487 604.2894 
5 12.979698 55.03937 23.573475 71.480515 
5 2.1905909 72.36251 18.16314 83.05776 
5 102.11477 71.10095 114.073906 86.974045 
5 486.82993 93.49618 498.4658 108.78802 
5 82.03395 515.3801 93.62613 532.7612 
5 116.00777 172.90671 127.3432 190.45364 
5 738.9543 330.1587 750.3565 346.41577 
5 165.22012 313.68283 177.30646 329.37936 
5 440.39886 370.10864 455.4984 382.20258 
5 3.1316576 628.8447 21.300564 639.7876 
5 145.11229 270.18665 156.85295 286.42047 
5 488.07913 339.27264 505.72366 350.47247 
5 136.57112 295.1794 147.80788 311.52505 
5 85.59308 32.783844 96.849594 49.42861 
5 155.88646 249.43843 166.76067 266.17914 
5 81.78539 244.05157 98.736855 254.52512 
