5 4.0968666 391.2907 56.75769 410.63483 
5 0.696743 368.8111 48.971 389.40936 
5 565.0937 32.43024 581.1336 56.810635 
5 102.95556 662.45856 118.948296 685.4368 
5 715.5548 721.2703 736.15967 734.93134 
5 1.7977772 381.92813 52.02436 399.31766 
5 122.62979 660.9471 138.03262 683.15485 
5 167.36478 696.2599 185.07166 720.04663 
5 154.65266 697.1172 171.65382 722.0215 
5 347.31442 2.8700142 361.413 29.07506 
5 503.74496 687.3535 519.6013 706.22424 
5 138.27463 681.07086 154.33398 705.85895 
5 702.0241 730.8697 712.4903 752.5015 
5 703.76355 676.4386 726.03906 688.71875 
5 130.56345 709.7542 145.31259 734.54156 
5 137.45949 643.98724 163.26988 656.6197 
5 107.814255 708.8362 123.07083 732.79724 
5 95.12609 708.7033 111.61927 732.7775 
5 92.978775 662.8081 105.901764 684.1145 
5 109.90515 661.053 125.29729 683.949 
5 4.668089 369.98666 51.369316 406.9847 
5 311.70465 458.92108 350.27637 476.82227 
5 138.93135 706.3282 152.41975 730.7607 
5 788.0926 701.6542 800.0 714.64124 
5 170.54256 664.8436 192.6432 675.96313 
5 147.36304 703.08795 161.01892 727.0524 
5 86.87738 684.13104 101.28728 707.37494 
5 116.38892 708.42365 131.50307 729.9289 
5 173.57472 673.7255 195.29393 684.59015 
5 462.35147 735.19 478.82846 746.77545 
5 137.64818 634.07916 158.35585 644.74603 
5 82.02844 667.3007 94.91225 684.52386 
5 136.5402 623.86743 159.2556 635.6842 
5 230.23875 650.7875 246.61665 662.5166 
5 97.57477 662.617 111.16031 684.4711 
5 371.12396 314.61096 388.84448 324.734 
5 379.17365 352.8309 393.49487 396.47867 
5 67.98287 679.2651 83.41122 692.4163 
5 118.827034 498.76215 131.49438 515.40216 
5 429.7013 600.60205 447.40924 612.30176 
5 144.0197 698.746 158.60103 723.44006 
5 490.10068 530.75305 501.35947 547.5593 
5 171.73257 668.33887 192.80887 680.2838 
5 79.15771 639.3697 96.763435 649.47833 
5 55.632687 648.32794 73.68144 658.53253 
5 175.35732 677.0675 195.929 687.5177 
5 53.866817 645.41266 72.77641 654.8193 
5 51.54757 642.2803 71.87834 651.8611 
5 177.8117 680.45544 196.61966 691.0736 
5 442.83908 688.87634 461.71176 699.979 
5 447.28702 716.30884 464.3704 727.1969 
5 225.30885 605.46484 236.65291 622.75964 
5 311.96783 562.7585 325.438 576.8576 
5 50.333008 630.26886 67.094635 642.1314 
5 50.433376 637.5582 69.35437 646.7803 
5 216.12462 571.7022 264.36725 587.2133 
5 432.84036 614.44385 449.57315 624.7666 
5 439.51273 697.8429 462.494 709.83813 
5 65.61153 87.94444 102.576324 114.371124 
5 371.46387 412.02917 382.53876 436.36725 
5 353.36218 655.33044 366.65698 670.94385 
5 431.04678 608.7698 448.9476 619.3175 
5 161.16841 697.40393 178.95033 721.45105 
