5 460.82547 157.86986 479.17307 173.05156 
5 756.619 592.3981 774.2295 608.9663 
5 602.73737 472.64798 621.0804 489.09695 
5 577.94257 34.77456 596.0257 50.500824 
5 608.2239 3.201078 625.9773 17.336699 
5 392.5962 228.41191 410.03387 244.62114 
5 604.1396 405.68497 622.024 420.75662 
5 439.6075 179.0178 456.92886 194.72466 
5 497.85397 115.47968 514.8549 131.87862 
5 719.40393 703.57983 736.7468 719.7025 
5 425.29214 539.87524 442.90555 556.32947 
5 410.14395 209.17392 426.48135 224.8288 
5 79.59167 559.089 96.562065 574.9862 
5 594.49493 16.956928 610.8138 32.53766 
5 483.1084 133.8083 500.58563 149.31236 
5 781.3001 57.73102 797.23883 74.84501 
5 5.5365057 634.47186 22.455269 650.4268 
5 342.2352 380.26883 358.22495 395.7131 
5 111.21695 524.4634 128.30019 541.45447 
5 528.86346 84.93561 546.1534 100.81912 
5 341.46646 282.0539 357.44144 296.93585 
5 94.99967 541.9235 112.449104 557.6088 
5 423.87915 687.9405 441.21716 704.196 
5 509.444 653.12683 526.5474 669.37964 
5 150.56897 548.169 167.63083 563.3945 
5 187.65508 443.92297 204.76598 460.13684 
5 426.86945 194.63428 442.00854 209.33438 
5 573.33673 306.3654 588.90936 321.20932 
5 663.69446 762.6973 679.7748 778.12506 
5 541.36957 434.73358 556.1556 449.22467 
5 528.20575 620.9288 544.5771 636.18207 
5 515.2199 99.30859 531.1702 115.554184 
5 624.0688 548.5014 641.26984 563.3038 
5 498.5244 732.7308 513.8596 747.7747 
5 49.237843 590.1599 64.679085 605.3273 
5 303.89792 322.0789 320.60184 338.28812 
5 357.7137 268.0057 373.3929 282.5179 
5 621.9994 473.58072 654.5736 500.45468 
5 523.5726 679.1331 539.62335 693.7745 
5 197.52226 531.76044 213.7151 546.1829 
5 582.0904 180.34926 596.4465 194.84361 
5 334.53928 505.74734 349.39694 520.68774 
5 695.2301 715.7616 709.6787 730.42676 
5 325.16428 300.4255 342.31387 317.10135 
5 576.9277 56.999767 594.0771 70.71424 
5 340.64694 618.49 356.1852 632.3782 
5 132.42615 502.5152 149.42636 518.2962 
5 21.621786 618.19116 36.892525 633.16626 
5 587.1088 505.71707 602.0878 521.3309 
5 172.76216 460.87863 188.80934 476.81235 
5 417.16083 404.86087 432.91266 419.53555 
5 580.96454 392.64557 595.8593 409.02826 
5 573.33777 628.46375 589.17566 643.58923 
5 475.36572 397.04764 490.0788 410.50504 
5 345.9376 362.7766 362.4747 378.2849 
5 560.4694 639.89197 575.04474 653.9408 
5 390.03232 645.7953 405.0676 660.1089 
5 565.93024 582.0124 582.52057 595.7956 
5 401.89987 416.51938 419.66928 430.99606 
5 372.63843 463.1291 388.66895 478.80798 
5 501.56042 474.96667 516.89 489.04767 
5 259.97116 368.92862 275.7501 384.7637 
5 208.65852 423.20178 224.69102 438.41223 
5 301.10208 486.46964 317.41037 500.11526 
5 35.235878 604.83 51.352776 619.6878 
5 452.58533 554.0841 468.4889 569.28186 
5 224.12813 407.0445 240.09932 423.03632 
5 562.8904 556.5143 579.3685 571.3281 
5 490.27893 257.11462 505.50104 272.81537 
5 146.84204 488.78162 163.43423 504.05054 
5 64.094894 575.3516 80.52803 590.5208 
5 660.1594 741.5654 674.19775 755.49243 
5 356.37085 521.1756 372.17114 534.6617 
5 487.0896 706.31995 502.02753 719.9922 
5 591.82886 596.3451 606.6615 610.2333 
5 383.4929 322.89847 400.405 337.9144 
5 371.0953 253.276 386.81436 267.39838 
5 595.97144 400.25494 611.4519 414.62286 
5 644.5737 431.90375 659.7689 446.17633 
5 483.11157 574.9556 499.32074 589.48615 
5 548.65704 67.356094 564.4953 81.27461 
5 243.50476 406.54184 260.4534 418.71054 
5 549.8199 571.1452 567.1558 585.20416 
5 134.20932 522.7425 151.50378 534.30035 
5 290.50406 337.74106 305.73904 352.40836 
5 276.34845 351.9672 292.3919 367.23984 
5 130.9523 567.5946 146.76648 580.8545 
5 750.49207 660.04877 766.5104 673.25946 
5 552.9139 635.5878 568.27655 649.3304 
5 531.7475 603.2923 549.20087 617.2829 
5 240.8335 390.33926 257.51428 405.048 
5 206.93205 537.21814 221.87242 550.6775 
5 369.0726 375.64246 386.57742 390.48462 
5 349.64148 623.21814 364.68646 637.8695 
5 446.66583 681.1517 461.82758 695.31683 
5 66.63383 593.0968 83.37328 605.6727 
5 331.03394 612.7268 347.06134 626.7932 
5 547.931 613.30054 563.1389 627.3093 
5 373.00143 527.57684 388.9832 542.7474 
5 729.24097 709.44806 745.4912 724.8288 
5 439.67093 568.06195 454.63016 581.7614 
5 488.74728 661.99646 503.89645 676.5636 
5 297.61032 529.02686 314.25784 543.46497 
5 190.98668 463.72885 207.72874 476.70676 
5 519.68665 551.7741 534.6903 565.0087 
5 378.8177 511.65955 394.9599 525.7411 
5 668.9263 766.133 685.8458 780.8482 
5 317.67862 495.93918 333.29245 509.8251 
5 303.97974 421.1829 320.0448 435.0242 
5 127.65595 528.567 144.50098 541.6448 
5 404.5573 591.3585 420.25287 606.4531 
5 348.36716 297.03967 366.1337 309.10468 
5 319.12515 327.89124 338.22702 341.01758 
5 226.00447 487.88748 244.69112 503.28604 
5 363.95584 631.984 379.01273 646.3822 
5 529.0915 556.49243 544.51984 569.7938 
5 333.2623 373.38947 349.83084 388.964 
5 562.4145 53.165432 578.5798 67.58918 
5 563.28046 383.2778 579.0827 396.89816 
5 339.29807 301.24118 359.55374 315.0839 
5 324.3753 608.683 339.45483 622.71436 
5 158.6668 495.47836 178.30284 509.07083 
5 318.86844 429.85654 334.7427 445.6982 
5 355.63348 561.2229 371.59564 576.28735 
5 306.70316 534.12164 322.12192 549.2348 
5 681.8996 706.797 697.1303 720.3845 
5 291.04306 588.5267 305.9296 602.8813 
5 464.46594 174.3519 482.33875 187.66147 
5 703.4339 693.701 720.03864 709.1801 
5 21.772095 637.0652 39.64427 650.95154 
5 329.92883 419.3309 344.23633 433.86447 
5 269.14612 571.77826 283.74536 587.9484 
5 501.72644 648.41144 516.6353 665.36346 
5 214.19635 441.1159 231.47955 452.70062 
5 570.93097 645.3521 586.25726 659.3012 
5 397.02133 652.1756 412.41995 665.68463 
5 334.90677 570.3427 351.39188 584.75055 
5 474.1599 568.6431 490.27063 583.03766 
5 478.4717 699.9347 494.27518 714.3363 
5 506.5752 603.44775 522.1022 619.4888 
5 363.68643 566.1231 380.11118 582.41583 
5 557.72766 78.81598 575.47095 91.81682 
5 464.24112 766.8848 492.41928 791.14716 
5 312.44662 334.85687 330.5529 347.73047 
5 615.22864 543.3522 632.405 558.3895 
5 580.5166 632.3342 597.87866 648.3292 
5 452.07233 684.4025 466.5257 698.5848 
5 533.60736 685.8516 549.3941 700.98395 
5 306.75 468.95972 321.16467 484.12067 
5 494.38547 711.34674 510.99423 723.92816 
5 435.05624 675.9463 450.2164 690.1338 
5 139.81763 515.44714 158.57767 527.50684 
5 419.62405 602.2959 435.71005 616.2694 
5 372.47586 636.53546 390.40915 651.03204 
5 327.6952 564.60474 342.65588 580.02014 
5 305.52734 342.43668 322.14923 354.78745 
5 360.34796 372.0947 376.6051 386.827 
5 380.2653 640.2444 395.31265 654.44714 
5 97.86987 561.37933 114.53522 573.3643 
5 534.471 559.39984 550.7188 573.877 
5 658.7648 439.24887 675.91174 457.1075 
5 365.5865 394.1718 382.00354 406.81805 
5 262.53024 386.49963 278.52182 398.09418 
5 201.59645 534.02686 217.22588 547.5746 
5 508.14334 672.33026 527.95294 688.48395 
5 578.2101 568.1324 592.6334 582.08136 
5 404.689 656.2184 419.66397 670.6809 
5 108.62385 542.9872 128.29196 558.8356 
5 529.385 683.69385 546.1211 697.6083 
5 29.54666 631.7128 46.742935 644.5838 
5 430.45258 671.66315 444.98083 685.8857 
5 429.66068 606.04767 444.8466 621.04193 
5 390.9473 391.05756 406.77237 405.6153 
5 293.14865 355.41287 309.83963 366.73276 
5 387.47238 325.16638 403.9492 339.9455 
5 702.0442 719.5672 717.1389 734.63556 
5 221.11014 426.9956 242.30408 442.34192 
5 311.1096 425.24185 326.67148 440.36514 
5 152.78242 503.39682 169.62877 515.342 
5 294.94525 481.2481 310.7467 494.35565 
5 36.589653 625.1939 52.6018 637.8925 
5 575.2041 586.2052 592.2848 601.39343 
5 366.1318 589.5628 381.09756 604.3322 
5 303.56787 406.47934 321.79303 421.03976 
5 308.53488 596.9933 323.38638 610.52795 
5 483.42352 659.23474 498.813 672.4949 
5 166.61395 491.19482 183.20432 503.20032 
5 509.85733 546.09344 525.081 560.22345 
5 491.73315 644.6934 508.2025 661.1608 
5 371.6538 571.89343 388.2613 586.2042 
5 466.13855 562.7716 482.047 578.45886 
5 496.7421 667.39056 514.03156 682.8997 
5 442.35544 635.6058 457.8668 650.2172 
5 275.3655 514.39124 290.86917 530.17224 
5 491.32303 580.0966 508.36655 596.12274 
5 513.6238 656.7018 531.2031 671.78577 
5 399.96982 654.0647 415.55624 668.58167 
5 425.9732 668.9732 440.76978 682.4936 
5 392.6342 538.1879 406.98172 551.59686 
5 252.09477 393.3817 271.73434 407.2204 
5 160.87195 475.57965 176.62689 490.40894 
5 380.2976 403.66675 396.54358 418.17682 
5 359.057 563.57935 376.31793 580.0624 
5 466.16583 692.88196 480.2934 707.2765 
5 598.79767 211.03171 615.5881 225.8573 
5 287.91763 586.54456 302.13626 600.9851 
5 394.49976 586.17126 410.94214 603.06995 
5 265.203 527.11066 280.6068 541.1601 
5 446.58527 571.86 462.96442 587.286 
5 522.20074 667.1344 540.45026 680.75366 
5 723.705 658.3701 738.59735 674.442 
5 218.41936 431.5647 237.89598 445.06885 
5 538.3387 689.38074 552.45355 703.8718 
5 377.06482 575.55414 393.70105 589.9151 
5 146.60732 507.84308 165.86256 520.8454 
5 648.0717 561.7171 662.6868 574.5225 
5 298.33945 411.85583 316.82297 425.4804 
5 174.18073 476.64075 194.86276 490.0052 
5 435.0834 610.39105 450.12192 624.6474 
5 367.57703 569.88104 384.2155 584.30817 
5 247.88467 396.6741 266.76505 410.8168 
5 410.13074 596.3298 427.0155 612.0129 
5 206.12332 449.25952 223.6088 463.81647 
5 171.77953 483.06113 189.14427 494.32962 
5 198.31247 446.8326 217.13657 464.00766 
5 518.24603 661.187 536.3702 675.69104 
5 308.0222 423.6205 322.87247 437.23727 
5 350.07886 515.65485 365.63196 529.4958 
5 473.68704 636.054 490.89725 650.29 
5 503.056 670.3744 521.7811 687.2728 
5 547.6878 568.6056 562.6684 581.9083 
5 579.5857 645.5395 598.2483 663.1369 
5 322.9847 319.8849 343.4058 333.34088 
5 441.59515 678.47705 456.66473 692.98315 
5 585.2013 645.4634 607.0067 665.76074 
5 251.68288 501.47964 265.89258 516.406 
5 580.99725 589.07477 597.99457 603.2536 
5 296.15897 591.38214 310.39407 604.5889 
5 538.54266 606.37524 555.36615 621.1394 
5 94.0132 564.7077 110.798965 578.4838 
5 503.26645 713.9716 523.0495 729.4067 
5 188.5579 467.0749 205.80412 480.16718 
5 346.60938 382.43076 362.9944 398.68454 
5 210.81122 443.38303 227.66669 455.73276 
5 17.329075 641.62115 36.215645 655.08307 
5 443.63525 570.0724 458.4511 583.9663 
5 42.35313 619.04065 59.766422 630.9227 
5 371.76562 396.69598 388.03857 410.33398 
5 182.93613 470.7065 202.02734 484.07785 
5 78.81528 576.6826 98.26294 591.8003 
5 232.31996 490.26974 248.89955 504.67856 
5 483.44827 640.054 501.0825 655.7861 
5 335.79843 550.9768 352.05215 567.8375 
5 90.178185 567.47504 108.37641 581.4952 
5 296.6446 350.3109 314.34778 363.05017 
5 9.700906 650.23004 27.209621 663.82074 
5 285.986 356.99033 304.51126 372.1202 
5 423.5876 604.0595 439.1939 619.5734 
5 300.2911 418.19525 318.8845 430.52612 
5 652.7902 436.11194 667.8399 452.67413 
5 67.7358 585.29877 87.451805 599.5451 
