3 6.997178 415.7723 23.238625 434.8655 
5 479.3602 640.2489 509.7349 657.1389 
5 765.39044 732.1823 797.62933 745.4251 
5 615.5137 720.6718 634.9232 733.8858 
5 143.74687 548.39105 168.53963 559.7745 
5 294.4103 35.733566 309.8987 61.038986 
5 67.882774 305.79138 81.88482 325.63184 
5 92.37988 255.91223 107.108185 273.65326 
5 41.558613 316.24753 59.046284 340.9609 
5 82.32536 243.6871 97.19061 262.66086 
5 575.93646 696.08527 590.2508 710.2463 
5 658.9905 612.27716 677.91504 622.22687 
5 295.76398 7.2919483 309.42438 24.36184 
5 611.80963 619.023 643.14496 630.0855 
5 16.532732 387.25418 33.059547 406.59714 
5 269.68878 51.745872 282.95258 70.02061 
5 108.636604 262.48166 131.15419 274.07455 
5 73.145935 325.86203 87.218506 340.96133 
5 286.6187 3.3457947 300.76672 19.03877 
5 587.49536 673.40076 598.0238 690.97986 
5 69.54793 240.94104 82.32298 259.41446 
5 83.323265 271.26758 99.39481 292.80927 
5 78.95846 293.49692 94.06286 316.6212 
5 104.960365 274.64838 127.66653 283.99805 
5 97.1798 303.03537 119.2644 351.11588 
5 90.79456 227.27382 105.91674 243.62291 
5 14.563357 544.1442 32.312912 555.1713 
5 24.458435 358.09875 40.37661 376.32635 
5 72.74607 262.5004 87.916756 277.9451 
5 259.05133 84.54595 270.81476 100.745995 
5 11.144741 402.8371 27.893246 420.99298 
5 100.65146 529.35657 113.97812 548.6875 
5 630.2062 611.5867 649.2561 621.0521 
5 81.35744 525.1132 92.05455 544.06683 
5 206.38806 566.57526 225.38138 576.69366 
5 234.7419 146.38654 250.92906 172.25461 
5 103.49255 283.80508 127.974045 294.7549 
5 28.763885 342.2719 45.948914 362.35217 
5 95.54302 292.14035 123.7154 305.0657 
5 5.8955107 414.96524 22.404999 434.3433 
5 86.00216 316.77917 102.244835 346.25836 
5 81.35732 274.75958 95.7459 298.2126 
5 291.19556 4.218831 307.54285 21.626923 
5 225.82733 170.13518 240.90524 200.6703 
5 84.92134 534.62683 98.590164 549.26074 
5 34.60578 327.36517 48.686028 351.21008 
5 79.25871 292.25854 116.08714 353.09192 
5 88.345535 307.7215 106.89334 350.48767 
