5 504.6554 501.9688 535.4773 527.54144 
5 670.3155 590.816 707.49615 618.383 
5 392.9196 698.8022 410.69077 715.4118 
5 376.74255 694.5489 393.97833 712.5888 
5 431.80225 673.04425 476.19733 723.233 
5 394.49887 404.7498 410.71432 420.10068 
5 54.320793 390.21774 79.67989 407.58786 
5 418.6312 642.48914 441.15176 665.34766 
5 34.3581 331.2423 53.96808 345.35107 
5 30.499428 424.40396 49.77871 438.86295 
5 623.4255 547.5835 644.5838 561.82983 
5 130.35683 318.3968 149.40215 333.47534 
5 86.92508 443.89395 108.07939 459.45743 
5 61.00664 471.5468 79.78628 486.1693 
5 6.61561 449.43204 25.096891 462.8561 
5 33.03506 505.10205 51.25227 517.9126 
5 156.69221 373.23898 174.44847 386.69626 
5 149.06462 381.3623 166.68959 395.66626 
5 481.0449 456.4935 496.4235 472.16434 
5 20.066727 513.9911 39.106922 530.329 
5 111.45653 423.99783 128.95009 437.81143 
5 48.159195 404.50754 66.92304 418.59708 
5 126.6096 404.27722 146.7249 419.31244 
5 67.88143 256.68442 86.46104 269.8466 
5 162.84972 364.74594 181.71123 379.28665 
5 40.809418 413.2583 60.90603 428.37976 
5 42.400066 491.81436 60.639423 506.09103 
5 168.80894 353.74002 193.6403 370.22818 
5 8.056739 525.684 27.239014 540.8803 
5 68.71419 292.05115 87.64792 305.16968 
5 99.92841 348.7492 119.537895 363.63666 
5 127.400925 483.67984 149.0927 499.48105 
5 659.2749 529.89844 675.4606 545.5217 
5 345.4208 754.3318 359.9202 769.6533 
5 72.76686 546.0841 91.11464 558.6124 
5 79.57861 454.1903 97.748474 466.6239 
5 168.69173 520.06647 189.21635 533.5837 
5 60.60931 298.6223 80.340004 313.90253 
5 590.67584 503.6593 603.8914 520.6703 
5 629.9322 530.04816 650.8603 542.49725 
5 131.91801 429.13608 150.57469 441.99344 
5 540.84973 489.5491 555.4962 506.77628 
5 131.50238 340.30502 151.74893 354.233 
5 76.93378 534.7885 98.34709 550.5734 
5 557.0885 525.1196 575.2295 542.1904 
5 250.91153 361.9097 268.3337 379.12027 
5 99.64639 433.67337 118.38843 448.2491 
5 72.68522 490.50162 92.01867 503.36148 
5 481.21304 497.3431 498.96323 510.50174 
5 181.81026 483.31528 204.03484 500.19968 
5 562.563 496.63327 578.4874 514.2698 
5 193.42934 338.3066 211.0161 351.41006 
5 81.017075 366.319 98.886185 380.98648 
5 54.147915 262.8187 79.466866 277.06418 
5 347.15802 397.90036 369.10022 412.45633 
5 71.76082 380.37848 88.88878 393.14508 
5 135.33678 476.80002 154.60323 491.4338 
5 358.2746 718.0654 378.50012 733.2363 
5 553.01794 493.0128 566.6681 511.76645 
5 42.839466 322.76797 60.8268 336.48276 
5 155.1089 458.30905 174.14546 472.3195 
5 13.273335 605.01227 31.535004 619.482 
5 417.40952 420.07547 433.80496 434.1721 
5 139.28215 393.11484 156.82741 406.72086 
5 42.139755 631.83685 58.96192 651.86127 
5 5.8364754 612.59607 25.353876 628.2433 
5 16.017555 436.41547 35.4752 450.96344 
5 393.1889 748.02 415.11902 762.177 
5 76.637924 286.17914 95.28282 299.40674 
5 441.0494 434.55652 455.69833 449.15027 
5 142.33687 470.00537 161.0949 484.38312 
5 110.125854 451.55347 129.2991 466.99548 
5 475.8863 593.8155 496.38556 612.4194 
5 115.278755 278.73392 132.23502 292.27786 
5 582.3554 500.8272 594.43805 517.81146 
5 102.97882 458.55545 121.78032 473.32962 
5 647.0768 570.9773 662.42847 584.7423 
5 370.86273 391.53522 385.21307 406.87714 
5 355.6801 417.06766 372.40027 430.9249 
5 119.760704 492.5632 139.63498 508.34567 
5 187.02689 502.36954 206.90912 515.9973 
5 48.39549 311.12427 66.86177 326.52368 
5 94.24915 356.3454 110.95658 369.68384 
5 172.4821 383.38788 191.91447 397.30438 
5 64.911736 550.71625 83.734 564.41656 
5 472.94342 451.71497 486.3523 466.65125 
5 1.9336681 533.33777 19.82517 548.4944 
5 119.48877 409.88577 138.04297 424.4277 
5 695.296 552.5244 713.8113 565.82385 
5 483.90274 611.2821 498.14102 624.71094 
5 21.492119 429.76523 41.82876 445.03873 
5 340.5919 371.74786 358.39474 386.01575 
5 319.11407 357.64243 334.36963 371.42227 
5 39.662167 576.83936 59.471066 591.7517 
5 297.25693 377.25037 318.64865 388.0033 
5 386.16394 756.75885 406.41058 769.58417 
5 328.22943 387.1086 343.65466 400.61813 
5 36.757393 531.2927 55.87496 545.9281 
5 187.3639 371.84174 205.26064 384.82593 
5 403.80322 410.6198 419.43988 424.201 
5 92.54439 519.2769 111.618195 533.71564 
5 51.263138 483.94763 68.72947 497.60107 
5 408.99164 413.46234 424.79938 426.88672 
5 106.3015 342.2142 124.69618 355.66275 
5 118.03816 331.28262 137.88037 342.99435 
5 26.767673 589.0578 43.308346 602.139 
5 667.6196 536.4399 684.54675 551.09564 
5 431.2831 429.16312 447.34573 444.37735 
5 92.51116 469.10254 111.59316 481.78186 
5 322.72165 415.72366 339.70145 430.269 
5 110.87983 337.01077 129.5038 351.10788 
5 500.1669 521.5023 524.7479 541.15625 
5 390.7043 437.747 407.5554 450.35187 
5 92.17729 386.52615 109.506 398.83182 
5 16.281475 547.8049 34.75764 562.7885 
5 101.06706 513.83655 118.75067 526.79944 
5 122.610374 440.51758 140.33789 452.90076 
5 149.66779 462.49188 169.4393 476.45435 
5 115.420044 501.2572 134.98642 516.3356 
5 162.16571 450.02243 179.35046 462.842 
5 0.0 258.5896 12.60973 275.8177 
5 13.380085 519.4685 31.860859 535.5492 
5 175.73087 512.6943 193.98624 523.6147 
5 80.63129 281.48254 99.06294 294.85504 
5 570.826 499.02332 585.85565 517.4466 
5 518.1451 478.54196 534.4665 493.5604 
5 138.80244 423.1624 156.2737 434.9878 
5 172.8347 516.12946 191.86009 528.1055 
5 58.666164 556.4813 76.477264 570.44885 
5 80.047066 483.27866 98.19193 497.01852 
5 685.90735 548.11487 700.7186 561.66284 
5 139.88184 332.93945 159.04587 345.71576 
5 611.4534 509.1266 623.9229 524.96936 
5 157.04567 403.04974 174.89803 415.66168 
5 86.51997 391.82928 103.483246 404.92505 
5 144.6994 413.64554 163.60226 427.9462 
5 482.18445 638.42645 501.4712 655.1171 
5 753.29083 587.17346 769.86334 600.6344 
5 151.45616 408.25214 169.56325 420.96216 
5 9.319099 557.1056 27.397446 570.2931 
5 91.830734 275.7473 108.709564 288.06793 
5 128.38658 562.2892 150.00688 575.6366 
5 511.49762 475.50482 527.43854 489.41614 
5 100.10664 378.714 117.160126 391.59796 
5 45.74021 568.5122 64.24321 582.55615 
5 62.071835 500.2918 80.25862 513.36835 
5 675.1916 540.6064 691.5267 554.45905 
5 64.05688 496.8324 83.179344 509.97278 
5 36.64997 582.2231 53.343002 594.8062 
5 123.14388 324.13007 140.8753 337.60162 
5 783.4121 745.54504 798.13904 759.2821 
5 0.8951583 619.42883 16.884623 633.7893 
5 21.384155 594.82635 38.608208 608.61725 
5 100.18934 584.95026 119.812355 598.4709 
5 125.06411 350.60614 142.33188 363.53778 
5 57.321613 503.68423 77.08696 517.0687 
5 530.69073 484.56992 545.3024 498.81943 
5 27.79903 539.7212 45.64806 552.6156 
5 292.90665 345.75967 306.7642 360.62253 
5 96.69621 465.83466 115.19768 479.44672 
5 110.5729 364.18997 131.0018 377.14743 
5 749.8379 584.4902 766.10046 598.4283 
5 148.21164 411.4783 166.15173 424.47922 
5 308.17267 403.67072 323.6988 417.70392 
5 161.24805 265.08798 212.97809 300.3774 
5 735.4289 575.82385 750.95526 590.4807 
5 362.9418 387.43054 377.23343 402.05463 
5 20.367985 544.30634 38.34812 559.1949 
5 297.25082 348.49997 311.40237 365.92807 
5 471.89053 505.1809 487.52988 519.97705 
5 112.69725 447.84198 131.29265 461.21722 
5 86.550476 526.38025 102.42758 538.7959 
5 620.9449 512.53906 634.8472 529.12244 
5 55.243767 506.7602 73.613625 520.09686 
5 363.50613 710.79626 380.28555 729.42004 
5 413.7402 416.66937 428.63022 429.86444 
5 657.1927 577.627 671.5953 590.12054 
5 142.66719 327.58368 163.79277 341.21686 
5 106.89204 507.0115 124.89471 520.4053 
5 280.60785 337.3021 295.70648 350.2543 
5 467.04312 447.78613 480.63028 461.61932 
5 601.83795 505.52795 614.47516 522.6687 
5 51.184196 563.31104 69.09597 577.0311 
5 268.49948 330.8307 286.15494 345.36456 
5 184.5108 345.56076 202.49292 358.99783 
5 107.28345 455.38727 125.448044 469.39056 
5 178.67091 351.29382 199.02916 365.22833 
5 49.45429 515.42944 67.39523 528.8981 
5 2.5601482 564.1893 20.362135 577.1739 
5 159.0583 453.92822 176.18587 467.14105 
5 118.61015 357.67514 136.9232 370.366 
5 399.80765 408.50885 415.9387 422.74078 
5 325.1476 364.3626 341.1567 377.31866 
5 274.2392 333.4655 292.28253 348.5609 
5 510.59286 549.591 530.86804 568.63043 
5 715.8219 564.4465 730.85864 579.99347 
5 125.74592 436.10425 143.60187 449.57507 
5 253.48625 320.29214 270.95148 334.05435 
5 485.93402 459.13147 499.92084 474.27087 
5 263.58624 379.00516 278.0656 394.25735 
5 0.0 575.01184 14.41702 597.3396 
5 131.51297 549.43994 148.66852 561.80884 
5 490.41968 461.46313 505.05243 476.33118 
5 346.95053 378.55002 364.41348 391.57938 
5 76.8496 540.4252 95.40011 553.32214 
5 379.50418 448.09604 395.99002 461.98898 
5 352.18402 382.7346 370.7663 397.49777 
5 42.686653 522.5438 60.18972 535.9856 
5 6.695425 560.4751 24.560427 573.0995 
5 158.04373 316.09683 175.53275 328.58487 
5 147.30542 466.02924 166.31198 479.682 
5 740.9703 630.54694 759.9975 644.48724 
5 366.92825 389.34695 381.09543 404.1653 
5 164.14096 393.05203 181.46164 406.5757 
5 315.3145 409.47488 331.1247 422.87192 
5 700.096 554.48553 717.7741 567.83246 
5 114.48793 334.29 134.11511 346.16672 
5 663.02325 533.2336 678.8842 548.04913 
5 331.8097 367.69373 346.3376 381.88928 
5 147.23415 324.45612 165.55287 337.08234 
5 96.85206 381.4665 113.7145 394.97955 
5 83.836685 475.27716 100.548645 488.43 
5 151.09686 320.98267 167.9573 332.73553 
5 285.4219 340.25903 300.79666 353.41962 
5 493.99194 463.36768 509.15826 478.56696 
5 118.019394 443.99387 135.96005 456.1691 
5 261.73172 325.97366 280.87442 341.42874 
5 524.9994 481.6199 539.98096 496.8173 
5 359.37186 384.7654 374.33353 400.05374 
5 750.28674 786.5974 773.61755 800.0 
5 663.43585 582.99976 680.5291 596.1791 
5 118.011925 567.3078 137.15376 581.5391 
5 217.06175 294.7167 252.58638 318.71262 
5 370.10352 784.205 391.81305 800.0 
5 497.3632 620.4555 515.0137 639.6309 
5 350.9977 725.0802 367.97433 738.16235 
5 123.55791 488.05423 144.48122 503.0151 
5 159.38005 399.15375 176.47218 411.77637 
5 1.0928154 568.174 17.218372 582.0312 
5 548.36566 490.975 560.6872 509.5361 
5 167.83603 358.08295 188.69675 373.9109 
5 505.06958 617.8833 522.28406 632.7383 
5 635.4528 519.8131 661.3687 536.26917 
5 456.13483 667.4842 475.20618 684.7065 
