2 380.48883 529.72815 401.70184 546.0143 
5 103.63612 204.0357 117.5101 229.98288 
5 671.938 268.94177 730.66345 297.25092 
5 185.16154 517.00555 214.53615 546.78156 
5 122.76963 547.15466 140.79256 568.5917 
5 357.141 355.40668 389.08496 374.43372 
5 351.07886 682.87854 371.78577 704.61536 
5 726.2459 324.62173 745.78094 373.4196 
5 527.3096 400.81604 540.9225 420.22144 
5 758.1179 555.3108 776.4751 597.96094 
5 695.71216 102.6275 714.7025 143.97543 
5 764.1304 594.0144 782.2739 630.6642 
5 701.6474 141.15799 720.6136 182.84433 
5 587.17395 280.56506 609.9437 293.29492 
5 769.85956 631.80035 787.8265 680.72504 
5 751.46594 521.2323 770.7157 557.8187 
5 706.55145 177.9604 725.33673 214.15248 
5 747.37067 478.38034 764.6473 520.51263 
5 690.6559 63.868675 709.69543 107.33025 
5 778.4801 690.24066 793.03406 736.4648 
5 773.9067 212.36899 793.55096 223.89365 
5 481.0025 150.10063 494.8672 165.40852 
5 723.671 298.23334 740.2826 332.13812 
5 313.04288 394.14786 330.67105 405.8868 
5 245.59807 460.63635 262.46375 472.98822 
5 21.21536 689.1835 33.492264 707.7257 
5 784.63226 740.2443 798.29596 797.96295 
5 655.95917 277.72824 675.6624 288.5132 
5 483.33813 313.29355 500.63556 323.91702 
5 462.36737 535.4628 476.9364 550.17816 
5 432.13672 378.5038 450.59583 389.32303 
5 356.4791 412.45517 374.4503 424.07803 
5 419.35916 44.82773 433.3176 59.345535 
5 650.2555 467.4793 666.537 479.88495 
5 495.37192 355.60022 512.7082 366.14856 
5 463.00513 114.87115 477.42914 128.96054 
5 376.8477 11.669882 391.13852 25.886553 
5 729.5949 463.51837 742.7155 487.77588 
5 169.04004 495.05066 182.3695 509.91937 
5 590.9288 312.62292 608.16156 323.71448 
5 697.28406 241.15344 715.15125 253.36407 
5 148.11435 569.8355 161.0596 584.99066 
5 503.13135 313.55106 522.62744 324.96927 
5 115.95704 669.7641 128.35634 687.73224 
5 744.2529 450.81467 758.33093 483.3337 
5 52.476566 471.63092 63.945553 488.7752 
5 308.15683 720.3785 322.7903 734.88336 
5 29.072802 546.51263 43.952255 561.64496 
5 79.88256 386.1529 91.37171 403.4986 
5 693.3942 35.966934 711.85236 46.531845 
5 374.99628 388.7882 392.63086 400.0993 
5 784.5047 119.3793 795.3017 136.40158 
5 137.82713 36.80999 149.12184 53.406174 
5 12.107137 583.5646 24.150356 608.1229 
5 290.5402 432.1589 307.46286 444.19107 
5 40.967705 746.96027 52.95041 763.43304 
5 673.6385 569.9382 684.5389 586.54974 
5 69.719864 695.3654 81.86542 711.06305 
5 685.16406 612.34344 696.3281 629.8625 
5 415.41415 372.1268 432.52243 383.52396 
5 31.668262 777.6392 44.2003 793.20966 
5 126.599014 161.85419 138.37593 178.75735 
5 19.495834 638.5887 31.201035 654.63873 
5 639.2334 633.95917 658.2976 644.07513 
5 69.75132 656.85004 82.327126 672.46967 
5 496.86746 151.78091 510.37106 167.69275 
5 134.42696 123.75813 146.727 139.73665 
5 624.42816 777.16534 636.15533 795.4654 
5 125.07854 98.22766 136.74751 115.14284 
5 54.730976 708.27203 66.50318 724.9941 
5 515.3128 393.9082 527.7592 410.35657 
5 716.6725 484.60776 728.73706 506.449 
5 167.66995 535.0728 183.04807 549.30853 
5 507.5826 311.05194 528.12585 323.9724 
5 723.1618 297.2285 747.0013 381.64407 
5 681.4698 652.2053 694.7994 667.21716 
5 683.94574 627.9097 696.4997 643.78864 
5 736.7261 524.64874 749.24036 545.2884 
5 695.6731 556.605 720.3323 565.98206 
5 635.4865 663.4869 655.1934 673.87823 
5 751.80725 514.4794 776.7626 603.8546 
5 130.60889 209.59122 146.2825 231.298 
