5 337.023 402.58636 377.9395 418.1931 
5 621.7436 736.3025 636.08795 752.5917 
5 334.88672 391.95874 371.72595 405.71204 
5 347.043 415.0485 380.95346 428.09933 
5 0.0 381.9838 7.941529 402.12576 
5 186.67041 506.0302 210.57608 516.2802 
5 634.63806 791.13245 653.9302 799.9835 
5 125.03972 423.63492 161.30128 437.1663 
5 607.4524 453.1977 619.359 469.57526 
5 356.77567 473.05823 381.0674 482.41736 
5 516.9195 113.31092 529.55804 131.39505 
5 707.77014 763.38947 728.5067 772.8581 
5 679.1906 780.7828 697.6069 791.23883 
5 429.75226 461.27658 450.15143 470.88522 
5 435.19507 82.44549 456.1911 91.746925 
5 237.9016 137.82362 250.50044 153.91786 
5 294.11972 318.02917 307.24545 332.50714 
5 207.87766 240.08922 230.52695 249.916 
5 5.8619256 361.97775 18.273897 378.47134 
5 606.3231 706.3166 619.8695 720.9683 
5 161.24745 243.84277 184.76625 253.2073 
5 2.3642077 326.71545 15.482767 343.01514 
5 214.20084 20.797064 227.03955 36.832558 
5 0.03796053 389.25027 8.611378 407.7535 
5 572.2481 276.29443 584.27655 291.06555 
5 326.3233 436.9659 340.2937 456.96066 
5 237.72025 238.07195 260.44592 246.92195 
5 227.58098 78.314545 239.97487 94.657745 
5 296.1544 334.57922 311.84048 348.60956 
5 320.26602 421.42343 334.26132 437.42813 
5 572.30316 363.98126 594.33307 373.51038 
5 179.5907 424.28134 201.7121 434.04196 
5 8.008776 377.2797 22.180065 391.87894 
5 235.72096 118.50992 248.03618 136.07617 
5 747.73535 762.9123 786.8552 783.1469 
5 279.52335 253.40117 293.55557 268.7581 
5 761.99744 782.5175 797.6489 798.99896 
5 223.8186 60.99565 236.56973 78.53026 
5 290.92978 302.48306 306.02658 316.53525 
5 0.051645994 371.28885 7.6340313 390.81668 
5 216.60197 36.733784 230.78004 50.181652 
5 286.8356 283.1449 300.04092 299.6623 
5 380.55777 451.25912 393.83975 467.06235 
5 10.578692 390.27982 24.817818 404.27426 
5 348.58734 424.65665 394.76123 438.70773 
5 365.42633 456.15445 379.1078 469.59677 
5 381.95053 335.86658 396.0499 349.71838 
5 0.0 421.0126 9.917585 435.5549 
5 575.661 380.8338 596.452 390.76068 
5 299.87115 337.36194 314.63892 350.48712 
5 353.65042 484.25854 369.56796 497.5923 
5 751.5204 769.13885 793.17175 787.3754 
5 249.17566 365.7935 268.95374 375.87558 
