5 528.7125 327.57968 547.01794 348.57864 
5 253.70486 186.11798 274.3052 198.47925 
5 117.19635 300.2769 140.54877 311.93704 
5 163.34882 482.8261 196.72675 493.71094 
5 639.4722 347.38354 662.20795 357.73602 
5 409.7486 281.16855 425.0476 301.51907 
5 566.8936 619.9179 589.9329 629.7851 
5 1.503159 152.31187 14.885054 169.61177 
5 321.11032 360.31012 343.64847 371.1928 
5 459.81076 282.34793 475.09525 299.55655 
5 229.4455 145.20349 255.57648 155.37665 
5 438.29816 194.64137 455.56116 211.14012 
5 732.56177 232.76196 746.7163 249.74545 
5 778.50146 701.33356 791.37305 719.1318 
5 30.834711 421.8482 43.81276 438.76965 
5 761.45667 757.7621 774.82715 774.92847 
5 603.52344 354.06805 626.8325 364.28992 
5 172.54468 462.2416 195.21207 471.6016 
5 132.05849 675.82245 155.49226 686.1474 
5 273.51025 690.2335 297.00513 703.3358 
5 270.8868 710.97003 292.38748 721.4786 
5 109.80784 387.9195 134.46292 397.4049 
5 275.21362 672.30945 298.5935 681.5353 
5 421.2808 616.4322 443.31735 626.3339 
5 538.0886 619.3922 561.80054 628.7698 
5 111.7524 381.7377 135.89468 389.67142 
5 777.571 377.24045 789.9899 394.6627 
5 333.53122 422.33994 355.88687 434.68674 
5 257.01242 179.74324 277.9019 190.73772 
5 781.094 346.56226 795.04297 367.5517 
5 489.71536 316.63202 502.25436 335.56012 
5 440.728 316.68057 452.13925 333.9711 
5 264.69507 172.43489 283.99152 182.50166 
5 335.0947 419.67203 359.13077 430.24673 
5 175.58733 589.03424 197.6678 598.59393 
5 447.30118 225.13702 461.81406 240.54657 
5 265.41376 761.24756 285.9544 771.3197 
5 485.6987 281.83023 498.52658 298.11594 
5 628.61664 623.14105 652.41205 632.8295 
5 0.74674034 346.87534 22.967678 356.60837 
5 755.1067 256.61966 774.20496 267.23782 
5 416.98523 316.00577 429.46545 331.9113 
5 447.47592 281.5021 460.28586 297.68552 
5 332.51096 442.4177 357.7034 452.8937 
5 108.566345 396.8138 131.11478 405.25034 
5 464.94827 319.04456 476.27438 335.72186 
5 334.59613 433.08676 357.33636 444.9186 
5 228.23306 160.66039 249.44739 169.96211 
5 331.52747 451.26495 354.68665 461.17737 
5 698.03394 129.32196 718.83777 139.08386 
5 31.803179 388.67047 44.537712 404.1975 
5 472.28168 281.3916 485.6482 298.03113 
5 7.8490086 422.53488 20.51219 438.6967 
5 241.89676 267.20316 255.09344 282.41238 
5 453.2667 317.40503 464.82156 333.8346 
5 176.78085 577.7896 196.737 587.7502 
5 184.30675 395.66544 203.51564 406.5732 
5 450.2878 260.55447 463.36325 277.58 
5 36.22837 373.0829 48.8889 388.65576 
5 166.83252 472.02017 193.28137 482.1489 
5 112.17308 371.6478 133.70737 381.36862 
5 334.82846 426.4927 358.83646 437.5419 
5 1.2946968 282.92087 23.521265 293.21384 
5 328.91653 468.51675 351.33127 477.33768 
5 44.44354 387.43683 57.00549 403.31506 
5 110.684906 385.63065 134.65321 393.86703 
5 336.54584 410.4522 359.48584 419.9688 
5 335.72403 413.17767 357.8547 423.58313 
5 327.69284 475.04382 348.65433 485.08545 
5 221.73557 167.33911 240.57227 178.16714 
5 335.84833 402.48807 359.2168 412.41116 
5 759.61096 776.61896 771.6367 792.59015 
5 96.260864 741.7219 107.83748 758.74036 
5 435.85034 280.15787 447.30505 298.2756 
5 231.63972 137.2912 255.06395 147.2649 
5 404.09802 314.487 416.96643 330.2873 
5 27.756453 44.3548 40.09329 60.69549 
5 709.012 323.19968 728.86664 332.7136 
5 456.7993 221.64275 472.8077 235.72511 
5 293.09012 409.938 305.50797 427.4104 
5 48.080635 41.25582 59.991814 59.233833 
5 477.16135 317.39722 487.79153 333.4021 
5 143.47768 225.56342 155.44185 240.28818 
5 329.66437 483.22708 350.7608 495.29153 
5 41.791298 335.61313 53.268394 352.12204 
5 328.10214 472.78592 349.78024 481.4794 
5 329.25598 458.4218 351.74823 468.43652 
5 336.30963 405.93716 359.15247 415.827 
5 107.891556 392.8517 131.395 400.89352 
5 427.30338 258.6461 440.38388 274.5499 
5 185.60092 387.85687 204.67947 399.77197 
5 19.175194 422.24704 32.035183 439.3787 
5 448.66528 221.96742 468.54144 236.8012 
5 327.56372 479.0508 348.13098 490.51718 
5 127.014114 150.6187 139.05013 167.46806 
5 338.4868 430.38242 361.47495 442.9147 
5 329.3141 487.3704 349.89642 499.12308 
5 102.142365 577.1027 130.3139 585.9078 
5 415.18814 223.25381 428.22 238.15665 
5 330.92236 462.94153 353.32764 474.1709 
5 428.97885 316.12976 441.8724 333.32263 
5 105.836914 403.077 131.12517 414.9149 
5 0.0 751.8878 10.071018 768.5502 
5 2.1750302 369.05124 13.489557 385.4415 
5 671.5731 197.63632 687.8972 217.60861 
5 450.05032 209.63518 464.8469 222.49373 
5 220.51105 78.59407 245.13995 88.54169 
5 332.7917 438.45697 354.79028 447.04688 
