5 93.56464 525.71454 109.446655 570.5878 
5 417.4046 254.02092 451.8037 266.651 
5 282.4643 68.66972 320.66132 81.29361 
5 98.1182 239.78065 133.84122 251.63246 
5 193.8954 447.13745 219.38048 458.09906 
5 378.49426 430.63715 389.32355 450.96722 
5 644.36523 401.37784 664.7461 415.87576 
5 164.01668 58.9896 181.41896 79.66485 
5 647.29425 229.76807 662.0352 260.28732 
5 583.7829 464.6921 615.7131 476.12894 
5 3.8658018 459.79886 30.211605 470.39883 
5 509.53738 278.18774 525.3599 293.23663 
5 210.4905 55.14404 234.07976 65.64009 
5 631.3617 243.95088 642.25757 262.94684 
5 412.72043 125.10656 424.8033 145.65111 
5 427.35852 274.46045 448.7433 285.0904 
5 551.3206 462.50168 576.0339 472.7864 
5 390.0575 412.7103 404.94098 428.0676 
5 622.20557 477.40662 632.47375 496.28644 
5 222.96364 449.32135 245.56725 459.3051 
5 77.49205 636.76215 90.29648 663.8614 
5 383.46735 311.57422 394.4734 329.3499 
5 62.234367 320.14685 80.51026 330.61743 
5 418.4792 10.091559 429.08075 27.488853 
5 212.39311 65.27116 240.83253 77.146996 
5 613.96515 387.35355 624.3919 407.74606 
5 546.61053 77.72487 567.57623 87.660904 
5 593.43506 266.9891 622.5676 279.8533 
5 370.7362 605.1708 381.12195 623.8545 
5 323.82 248.99136 343.19098 259.1393 
5 479.97992 276.11157 494.93488 291.29388 
5 98.56756 60.03747 122.634865 71.812584 
5 100.95275 661.83344 112.12119 682.44403 
5 374.58292 265.02576 394.34055 274.76746 
5 204.01337 584.99097 227.80008 595.4061 
5 18.31377 440.75528 39.130817 450.82126 
5 636.0449 744.83624 658.0387 754.76935 
5 211.68385 242.96857 232.06685 253.65872 
5 346.953 270.7025 367.4168 282.4756 
5 366.30792 720.9119 376.24164 742.9244 
5 387.9459 567.84326 399.61288 584.94324 
5 700.2014 53.67235 711.619 70.198975 
5 530.14417 78.46991 544.87744 93.77957 
5 122.97547 59.3861 136.4887 75.68087 
5 677.9818 59.215897 698.0134 69.01961 
5 161.95735 592.48083 211.45464 605.3406 
5 151.39818 445.64508 171.5243 455.2251 
5 137.28914 39.640026 158.15257 50.37383 
5 166.814 467.9092 188.656 478.2538 
5 640.70953 639.73346 661.4991 648.9113 
5 82.32916 773.63403 92.978424 791.6892 
5 96.96153 480.9843 108.438324 498.9146 
5 628.0132 137.5838 639.6051 157.47644 
5 100.04793 582.6574 111.294846 600.91 
5 363.67236 746.7336 374.60754 764.45026 
5 86.73444 194.02179 102.99523 206.26678 
5 775.51917 60.647907 795.3784 70.23871 
5 380.8489 355.27817 391.853 373.5646 
5 394.63828 25.87393 405.70273 43.868256 
5 448.7637 277.24033 465.96317 291.814 
5 641.29846 648.48444 660.3696 658.64996 
5 384.41272 746.29395 396.0658 764.8154 
5 459.9644 274.7367 475.62607 290.90063 
5 632.20435 780.9148 653.6627 791.5443 
5 394.5713 249.86252 408.65942 265.02695 
5 63.70052 177.8299 76.78478 196.92343 
5 87.01937 584.6633 99.04864 608.24646 
5 602.7353 764.8826 614.51483 781.3586 
5 640.1932 659.7061 659.8233 670.96454 
5 402.58777 379.43082 415.01416 400.07938 
5 394.96155 202.23544 405.97943 219.69263 
5 470.13165 254.1362 489.17267 264.7382 
5 379.6372 375.79587 391.0484 394.29697 
5 625.7568 176.89265 638.1292 198.7631 
5 638.75867 612.7197 659.3142 622.87195 
5 78.01943 680.74396 91.03365 700.27435 
5 94.572174 258.43036 129.0572 270.21167 
5 294.7668 247.37123 315.171 257.36887 
5 521.32825 276.55652 539.7103 289.3402 
5 603.0138 295.6304 619.34204 309.4822 
5 249.8989 447.43066 266.79977 458.2823 
5 81.353386 731.4086 93.310234 750.0306 
5 101.75821 628.1975 112.38689 646.98157 
5 641.9707 0.85818195 653.3605 17.0736 
5 390.1361 633.74524 401.2774 652.391 
5 627.5092 155.35861 638.6191 173.40485 
5 158.87497 39.709915 175.15836 52.252586 
5 673.38245 285.6875 692.4523 295.13324 
5 80.95352 696.8255 91.849045 714.7884 
5 640.73206 76.79529 652.52014 95.28314 
5 638.2789 669.95264 658.3304 680.72705 
5 636.8906 684.0684 658.49255 693.9849 
5 600.1403 285.28882 618.9782 296.68707 
5 120.76651 40.208424 140.63199 50.42557 
5 192.81299 41.259903 210.56055 53.16558 
5 614.23364 355.24612 625.8749 373.66104 
5 530.51215 270.9627 549.2493 281.65234 
5 48.916733 441.23563 68.12541 451.38327 
5 75.373604 536.3695 87.66848 552.9348 
5 540.07715 339.4282 554.5431 356.46896 
5 563.067 258.739 580.9304 270.0664 
5 116.920494 500.6706 129.00476 519.8797 
5 336.4206 453.51813 355.6479 463.05768 
5 508.66574 460.19034 527.12964 470.8185 
5 467.8283 78.197754 490.41187 88.02174 
5 415.5989 26.275673 429.1699 43.04017 
5 643.9988 112.03764 656.24097 128.80025 
5 78.501205 652.174 89.666016 670.7851 
5 632.6868 695.549 655.95074 707.30255 
5 389.2883 185.42932 400.67258 202.76605 
5 610.1202 495.96408 622.3215 512.6726 
5 613.87006 332.3772 625.2222 350.91406 
5 639.0641 525.9413 663.6388 537.20996 
5 597.75055 720.9521 614.79865 733.1319 
5 275.423 719.61475 291.44424 734.69226 
5 88.248505 224.9567 100.858826 240.89703 
5 404.2642 359.06866 416.1542 377.30853 
5 324.4673 47.97852 343.76013 59.045956 
5 236.06738 64.715805 251.3216 80.77228 
5 250.62251 266.23187 269.54242 276.82104 
5 640.00824 27.920956 651.6838 44.92178 
5 157.73651 58.826973 170.15247 76.889915 
5 648.17584 82.29195 661.67413 98.289474 
5 505.56085 55.282272 524.2359 65.74397 
5 492.2303 75.36583 512.5917 86.785736 
5 602.6233 781.656 614.5154 798.35474 
5 247.52647 67.171974 261.2582 83.75286 
5 425.78824 241.8926 456.64688 253.05562 
5 75.91634 580.7822 87.52871 598.48206 
5 113.93845 573.43115 135.82611 586.0596 
5 67.0617 417.6886 83.38642 437.46997 
5 406.76044 236.85852 419.3385 252.09079 
5 372.5459 543.40857 383.25708 562.0991 
5 64.48069 195.55655 79.74345 210.49619 
5 632.81055 784.98627 656.14404 796.7526 
5 625.7764 194.68504 638.6779 212.15367 
5 75.4892 551.1445 87.96294 565.85736 
