5 318.89902 343.98132 334.6158 372.6018 
5 260.08188 525.61 277.66098 559.8845 
5 466.19037 80.6826 489.09503 110.608765 
5 335.54382 340.20355 351.07104 371.0517 
5 269.78214 487.95612 286.41415 518.79047 
5 710.19635 226.68027 742.54584 242.19214 
5 619.6064 231.7209 653.7077 248.50093 
5 377.4205 559.29474 412.03232 571.7963 
5 422.5895 210.5546 449.80692 238.87155 
5 607.3692 119.33963 625.1059 135.35924 
5 774.6193 293.23697 789.414 323.37802 
5 761.5671 237.46106 790.8859 253.1268 
5 487.81345 43.413162 504.80435 74.55223 
5 298.40616 713.2411 314.0466 745.688 
5 726.88745 275.29007 743.03577 308.7952 
5 362.82263 490.8225 379.8457 525.40454 
5 317.1607 415.73883 330.59448 434.62952 
5 676.75415 248.07382 709.119 263.63986 
5 404.33923 453.33975 438.69666 465.6472 
5 606.4552 92.938995 623.3374 107.877335 
5 745.3953 265.47293 779.04694 281.72562 
5 649.9406 196.8683 679.7142 211.7123 
5 626.56274 250.98285 642.0603 282.17664 
5 399.9069 484.9217 431.72928 498.06134 
5 674.0829 263.82617 691.166 296.1455 
5 764.14325 224.91656 789.4622 238.01971 
5 328.6983 669.58795 342.3576 694.8957 
5 270.58194 731.0249 281.35214 749.82104 
5 327.10114 538.829 339.63995 558.87537 
5 385.20282 537.38727 415.906 550.34125 
5 700.0237 271.4097 717.135 303.28195 
5 612.6418 248.01134 628.9958 279.9622 
5 375.19144 573.04803 409.64005 584.7818 
5 455.0691 167.47537 468.44403 186.97263 
5 670.71436 215.15724 701.6544 230.36623 
5 498.50055 78.4977 509.9499 95.50652 
5 653.85034 81.07442 674.4487 92.13771 
5 698.9222 95.26 719.3039 106.35914 
5 223.84624 666.32495 236.34352 684.36487 
5 371.35638 593.754 397.8557 605.4175 
5 417.3854 415.00873 444.14957 426.175 
5 289.2847 283.1175 312.8436 295.23438 
5 347.69867 748.84106 366.5293 760.31445 
5 392.3826 503.75092 421.81955 516.1944 
5 312.15842 339.80914 324.5175 359.60498 
5 349.62253 670.72473 382.63718 684.4972 
5 373.53107 584.35095 406.0782 595.781 
5 413.88116 425.72595 446.18207 436.90564 
5 371.27264 603.75854 404.96423 616.43445 
5 649.1716 208.27905 669.2824 220.43149 
5 408.5996 179.50815 425.208 195.84729 
5 408.92392 435.97293 432.7109 447.01816 
5 368.5229 612.5413 390.08087 624.20953 
5 297.0267 222.70122 317.34018 235.16545 
5 271.14362 336.26053 290.17078 347.56137 
5 268.15173 345.11896 288.12598 356.1532 
5 235.67554 577.5756 246.90454 595.8674 
5 657.764 51.191227 676.70844 62.405636 
5 651.42896 189.11292 679.0596 202.3345 
5 265.52402 354.1818 284.97476 364.28397 
5 294.9784 637.7988 306.4856 656.9159 
5 278.779 295.61246 298.93848 308.2253 
5 275.77475 323.15933 295.7451 334.90536 
5 358.56055 632.39575 389.01343 644.6609 
5 412.12613 328.7414 423.69742 348.20288 
5 289.39856 248.23784 310.6176 260.43607 
5 301.31735 614.1131 312.40292 633.6705 
5 687.8706 268.01724 702.656 300.49326 
5 661.78723 484.5451 680.27673 495.07227 
5 357.39267 654.7199 380.65854 666.77594 
5 380.5043 550.0667 411.04153 560.87506 
5 312.3277 666.68805 323.63776 683.86163 
5 352.63525 594.5726 364.6095 613.5444 
5 640.08 261.89944 652.4277 283.1039 
5 291.56088 241.35298 313.3348 255.04976 
5 661.9279 146.55815 679.9804 164.80547 
5 455.4747 351.70975 466.881 369.53714 
5 303.34668 209.72168 321.70477 223.72327 
5 678.84705 129.86964 692.19885 145.70854 
5 735.22296 677.5613 756.2142 687.9381 
5 669.7425 116.56023 680.27325 135.02759 
5 726.0965 208.34795 746.4566 219.72865 
5 695.5999 153.76888 711.60406 168.43135 
5 376.66138 510.51312 387.985 529.2143 
5 364.07394 621.6769 384.12747 632.0714 
5 296.0831 232.22922 315.4515 243.54758 
5 275.19608 311.85352 294.58255 326.10382 
5 287.8923 257.20337 306.70627 269.19788 
5 699.9886 200.38365 720.7214 212.24815 
5 344.56595 696.2081 364.28433 706.7919 
5 343.6989 681.4669 363.9076 696.73157 
5 722.17816 160.29005 739.52057 176.75334 
5 698.5245 124.40279 709.3671 143.23277 
5 285.6317 266.1282 305.70685 278.73685 
5 394.3904 526.68567 415.84396 537.0078 
5 341.0353 646.6557 353.24527 665.2469 
5 325.59457 205.04895 336.54776 224.2649 
5 394.9589 360.47452 406.67007 380.3655 
5 777.59204 702.6506 797.2179 713.1403 
5 717.9882 509.61914 737.44916 520.0845 
5 697.4827 519.63184 716.49457 531.63794 
5 388.20752 457.8568 399.6101 476.97662 
5 374.20334 581.22034 408.0508 591.8788 
5 296.35263 227.20496 316.2189 239.07886 
5 381.4324 481.33163 394.24557 499.52365 
5 278.6844 305.53857 299.37207 319.42242 
5 664.30707 301.96997 675.8151 319.7204 
5 356.08896 644.9265 380.45743 655.6096 
5 341.5862 709.56244 361.2253 722.07074 
5 343.301 699.53754 363.04526 710.69806 
5 712.53986 159.92844 729.9661 175.00592 
5 393.96936 402.81995 405.84174 421.523 
5 703.10016 212.82693 722.9495 224.27304 
5 405.5461 463.96075 431.949 475.32056 
5 345.52698 678.2278 364.4417 689.69104 
5 288.70413 253.99713 308.33688 265.48303 
5 394.70898 496.22992 422.68652 506.93518 
5 389.12982 387.29117 400.83032 405.25882 
5 733.27075 163.22768 750.4435 178.01997 
5 673.81805 166.87875 685.2277 184.73248 
5 319.7606 721.8449 331.5286 739.409 
5 275.7431 316.6936 295.81592 330.17285 
5 653.9102 267.6875 665.0804 285.69916 
5 679.0729 195.594 697.745 206.6034 
5 360.98944 564.4632 372.59302 582.2746 
5 716.97 308.12976 754.6483 324.19965 
5 773.5056 712.2882 797.6166 723.84216 
5 276.76028 713.135 289.491 729.37 
5 299.27786 218.7066 319.87424 230.16785 
5 714.86444 521.73987 732.82306 534.8561 
5 283.02832 289.94394 303.20142 300.22263 
5 390.29343 530.56226 416.4904 541.093 
5 674.8784 18.591192 685.59485 37.830696 
5 450.7412 303.35486 468.89758 316.79382 
5 392.31525 499.4808 424.4287 511.0082 
5 402.63483 474.48987 423.50403 485.89038 
5 434.15796 342.9965 455.29492 353.45724 
5 420.95914 309.05368 431.6332 326.35056 
5 669.3722 17.352234 680.3362 36.385067 
5 444.00946 318.80963 461.44232 329.17572 
5 682.511 163.73817 695.8612 184.07884 
5 370.55865 597.9284 401.5808 608.0793 
5 400.2904 481.15536 428.31818 493.87253 
5 446.47156 308.5428 466.74268 320.24945 
5 762.9882 227.25156 793.35504 256.0124 
5 530.74097 502.69083 545.3756 525.79834 
