5 378.3608 189.95064 392.28683 206.29332 
5 649.75366 687.8522 667.66016 699.3722 
5 629.69244 65.76309 648.2287 74.99841 
5 722.7924 771.4576 733.8991 788.97784 
5 621.63776 572.81006 634.32574 589.0033 
5 642.5068 544.4056 655.47296 560.6358 
5 617.8303 545.0698 630.52966 559.9553 
5 327.58377 151.14351 342.98795 177.69307 
5 396.1956 746.9731 406.5621 763.43976 
5 636.9305 195.2242 650.5716 209.36089 
5 622.015 193.3147 635.21704 208.89355 
5 381.46155 313.19666 392.2152 330.797 
5 637.0838 577.0774 650.72675 592.30994 
5 658.0933 136.35712 667.9311 154.1998 
5 658.6312 108.66003 669.3362 125.14074 
5 398.58435 320.40692 409.0628 338.35004 
5 387.39017 682.1452 397.71707 700.6586 
5 365.22995 162.79947 384.31088 173.05423 
5 649.2982 711.1755 666.6824 721.4598 
5 330.4047 60.106125 348.25986 70.36174 
5 707.8047 773.2968 720.08264 789.2497 
5 327.48026 145.59335 346.41458 163.41068 
5 676.39545 445.10947 687.80206 462.51212 
5 650.78107 702.37396 666.61664 713.2177 
5 385.89203 549.5308 398.47034 564.49493 
5 675.1656 409.8379 686.23663 427.65314 
5 385.29666 476.54422 395.88333 494.63797 
5 404.1383 763.7243 415.54645 780.49884 
5 327.00897 143.69368 348.9624 155.20348 
5 373.21622 174.4871 390.17032 193.57722 
5 648.6668 673.4085 664.62103 685.4865 
5 329.11014 122.36644 346.56436 132.9451 
