5 675.0367 147.76057 684.878 168.1227 
5 571.7859 299.30505 583.5708 316.58795 
5 184.85123 166.48463 204.03885 179.75194 
5 707.53516 221.96765 718.56616 251.66614 
5 296.00366 187.53128 314.0027 202.69977 
5 441.42804 160.74086 456.0562 176.92723 
5 670.5762 341.08432 681.15686 359.34915 
5 335.6927 218.01158 353.23773 229.38695 
5 294.75803 46.65976 310.71976 74.50909 
5 456.57404 159.82594 470.682 174.99837 
5 468.46402 159.0808 482.27316 176.00496 
5 480.98193 159.13934 493.8994 175.23453 
5 703.0683 621.30725 713.2171 639.62537 
5 430.19867 160.47736 443.52893 175.53903 
5 181.65738 147.49506 200.80505 161.99814 
5 183.93636 160.84734 202.88704 170.80266 
5 306.80344 609.0142 323.67105 619.54755 
5 333.10928 154.84984 352.298 165.23625 
5 298.43802 457.2701 314.5192 469.78842 
5 436.8319 162.91982 451.3778 177.31529 
5 451.05743 159.67694 463.51093 176.0888 
5 461.1668 159.46848 475.659 176.00339 
5 297.46124 328.77283 314.03638 340.46332 
5 293.5161 99.366974 310.00555 111.65349 
5 324.87625 231.6916 335.9321 249.06349 
5 341.7839 543.41846 360.45438 553.63025 
5 696.90326 351.6791 707.7951 369.31467 
5 293.42764 119.77653 310.03976 141.82121 
5 337.29782 760.35736 353.60477 771.2221 
5 334.9024 23.046871 352.86267 33.416317 
5 166.75096 643.4769 176.98259 661.2993 
5 325.65637 35.865032 336.49915 53.927418 
5 315.04163 403.00226 325.39807 420.26868 
5 280.2584 481.6481 295.8456 494.9794 
5 307.93256 497.68286 326.2633 508.21692 
5 450.66943 326.26706 468.43463 337.36624 
5 569.0557 92.568924 578.4699 111.26285 
5 293.934 301.99078 311.34354 317.42438 
5 337.52087 663.8705 354.602 674.6173 
5 338.95343 207.98047 356.45776 218.574 
5 295.00195 36.896652 311.8023 52.950127 
5 528.65967 133.99908 538.5989 150.24472 
5 341.87598 521.1827 360.98212 531.6674 
5 571.8041 243.82587 582.2683 261.85202 
5 293.7843 79.872505 310.61523 99.67872 
5 295.89734 25.894491 313.38458 35.814415 
5 333.48895 129.85008 354.40424 141.96779 
5 297.88327 125.50125 314.59122 145.98886 
5 183.36044 164.16203 202.11893 174.51729 
5 151.04097 587.4686 161.65602 605.42505 
5 333.4094 11.241783 353.7545 21.269733 
