5 106.114555 30.480104 163.29565 45.543324 
5 563.2575 460.57574 620.46906 476.11658 
5 566.5085 39.95636 585.4246 48.805786 
5 651.32587 423.21533 673.93805 434.87946 
5 265.2939 8.151953 284.05045 18.341248 
5 500.00055 35.74974 519.8106 45.4151 
5 743.9403 448.74185 762.2908 460.1835 
5 753.173 511.6426 770.7175 522.7217 
5 781.4791 496.35184 794.9811 511.89468 
5 25.755125 466.34506 46.00486 484.02548 
5 732.03546 542.01526 754.24677 552.15405 
5 783.76495 456.01486 799.0606 467.8831 
5 715.95435 538.56665 728.01306 560.3002 
5 222.08324 440.30383 235.71587 457.29858 
5 348.951 766.5781 364.4016 778.76807 
5 152.05927 418.92606 166.55023 434.28073 
5 743.1651 472.00742 760.0102 483.54898 
5 245.67061 464.63513 259.31195 482.96362 
5 230.76538 439.50128 247.03848 454.95416 
5 180.25594 422.53625 199.25993 438.42035 
5 329.6432 30.099821 348.1759 39.857574 
5 235.56396 465.1671 249.20612 483.63867 
5 15.458682 466.6543 30.051003 482.23462 
5 184.51569 467.40247 198.34137 484.4662 
5 43.262947 467.9647 57.60238 482.9371 
5 200.72166 465.1846 218.88072 481.25027 
5 175.22699 421.63254 193.31268 439.48715 
5 213.52753 393.25534 230.12808 404.3716 
5 42.05513 325.9045 58.728554 337.4119 
5 306.3216 468.26324 317.65338 485.37524 
5 381.89282 505.77243 399.55115 515.6123 
5 249.24069 404.79398 265.93448 416.58688 
5 594.809 504.70483 612.4805 515.0654 
5 87.9002 467.2892 101.35648 481.98795 
5 188.16548 434.7218 200.68843 451.16168 
5 650.43994 496.96823 669.1853 507.24954 
5 92.04039 347.16534 108.162476 358.16675 
5 297.4333 506.25504 318.42084 515.46326 
5 255.8054 464.67368 270.85474 482.82553 
5 165.43985 418.67807 179.79504 436.8182 
5 212.6309 434.8164 230.19627 452.4098 
5 483.07672 506.59933 502.7807 515.85504 
5 177.98947 437.8757 191.33713 453.14633 
5 73.916664 339.12106 89.41305 351.4664 
5 146.59183 464.5163 161.87695 485.27478 
5 156.04321 467.97635 169.38599 482.24448 
5 58.34076 468.97577 73.345566 485.93787 
5 24.525599 318.1524 40.191887 329.69672 
5 24.749289 519.85364 42.811783 530.0647 
5 157.57114 437.46005 170.74149 454.09195 
5 84.67651 21.281271 104.701294 31.85628 
5 206.79166 449.99646 222.9342 462.0332 
5 550.9561 506.5516 576.79974 516.84436 
5 318.85 504.7235 338.3016 514.76733 
5 226.15004 465.7281 239.50923 481.83984 
5 161.06256 373.55176 177.65955 384.90527 
5 40.127434 344.51596 59.6727 355.05228 
5 55.604164 438.00943 68.77188 452.99973 
5 400.99814 506.10464 418.46677 515.80396 
5 89.31402 516.0327 107.76629 525.9884 
5 217.01872 439.25937 231.77919 458.83456 
5 200.72063 432.51965 217.74751 450.8612 
5 34.444096 552.88135 46.099148 570.4918 
5 63.199207 518.00385 81.882164 527.6257 
5 264.3169 464.46573 279.7 484.9307 
5 175.07565 466.93246 188.57596 482.68625 
5 109.74404 354.4355 126.35882 365.64307 
5 1.3984718 307.47504 21.48668 320.13232 
